0 1 
1 1.00818927617414 
2 1.01644548131151 
3 1.02476916018155 
4 1.03316086195125 
5 1.04162114022006 
6 1.05015055305509 
7 1.05874966302652 
8 1.06741903724327 
9 1.07615924738903 
10 1.08497086975848 
11 1.09385448529381 
12 1.10281067962157 
13 1.1118400430897 
14 1.12094317080491 
15 1.13012066267037 
16 1.1393731234236 
17 1.14870116267473 
18 1.15810539494499 
19 1.16758643970556 
20 1.17714492141661 
21 1.18678146956675 
22 1.19649671871273 
23 1.20629130851938 
24 1.21616588379998 
25 1.22612109455681 
26 1.23615759602211 
27 1.24627604869926 
28 1.2564771184043 
29 1.26676147630784 
30 1.27712979897712 
31 1.28758276841859 
32 1.29812107212062 
33 1.30874540309664 
34 1.31945645992859 
35 1.33025494681069 
36 1.34114157359351 
37 1.35211705582839 
38 1.36318211481221 
39 1.37433747763247 
40 1.38558387721272 
41 1.39692205235831 
42 1.4083527478025 
43 1.41987671425293 
44 1.43149470843837 
45 1.44320749315588 
46 1.45501583731832 
47 1.46692051600216 
48 1.47892231049571 
49 1.49102200834763 
50 1.5032204034159 
51 1.51551829591705 
52 1.5279164924758 
53 1.54041580617509 
54 1.55301705660646 
55 1.56572106992074 
56 1.57852867887923 
57 1.59144072290515 
58 1.60445804813553 
59 1.61758150747345 
60 1.63081196064068 
61 1.64415027423072 
62 1.65759732176216 
63 1.67115398373251 
64 1.68482114767239 
65 1.69859970820007 
66 1.71249056707653 
67 1.72649463326076 
68 1.74061282296559 
69 1.75484605971386 
70 1.76919527439501 
71 1.78366140532211 
72 1.79824539828923 
73 1.81294820662932 
74 1.82777079127242 
75 1.84271412080433 
76 1.85777917152574 
77 1.87296692751168 
78 1.8882783806715 
79 1.90371453080923 
80 1.91927638568439 
81 1.93496496107321 
82 1.9507812808303 
83 1.96672637695079 
84 1.98280128963288 
85 1.99900706734079 
86 2.01534476686828 
87 2.0318154534025 
88 2.04842020058837 
89 2.06516009059333 
90 2.08203621417267 
91 2.09904967073523 
92 2.11620156840954 
93 2.13349302411053 
94 2.15092516360663 
95 2.16849912158735 
96 2.18621604173134 
97 2.20407707677492 
98 2.22208338858113 
99 2.24023614820921 
100 2.25853653598455 
101 2.27698574156918 
102 2.29558496403275 
103 2.31433541192391 
104 2.33323830334233 
105 2.35229486601106 
106 2.37150633734951 
107 2.39087396454686 
108 2.41039900463602 
109 2.43008272456808 
110 2.44992640128722 
111 2.46993132180622 
112 2.49009878328246 
113 2.51043009309433 
114 2.53092656891836 
115 2.55158953880666 
116 2.57242034126505 
117 2.59342032533162 
118 2.61459085065587 
119 2.63593328757831 
120 2.65744901721073 
121 2.67913943151685 
122 2.70100593339362 
123 2.72304993675302 
124 2.74527286660439 
125 2.76767615913736 
126 2.79026126180527 
127 2.81302963340917 
128 2.83598274418239 
129 2.85912207587561 
130 2.88244912184257 
131 2.9059653871263 
132 2.92967238854585 
133 2.95357165478374 
134 2.97766472647381 
135 3.00195315628977 
136 3.02643850903423 
137 3.05112236172839 
138 3.07600630370224 
139 3.10109193668536 
140 3.12638087489833 
141 3.15187474514469 
142 3.17757518690349 
143 3.20348385242244 
144 3.22960240681168 
145 3.25593252813806 
146 3.2824759075201 
147 3.30923424922354 
148 3.33620927075738 
149 3.36340270297071 
150 3.39081629014995 
151 3.41845179011684 
152 3.44631097432696 
153 3.47439562796889 
154 3.50270755006397 
155 3.53124855356667 
156 3.56002046546558 
157 3.58902512688504 
158 3.61826439318732 
159 3.64774013407553 
160 3.67745423369702 
161 3.70740859074752 
162 3.73760511857584 
163 3.76804574528921 
164 3.79873241385925 
165 3.82966708222859 
166 3.86085172341807 
167 3.89228832563465 
168 3.92397889237985 
169 3.95592544255895 
170 3.9881300105907 
171 4.02059464651777 
172 4.05332141611779 
173 4.086312401015 
174 4.11956969879264 
175 4.15309542310588 
176 4.18689170379544 
177 4.22096068700185 
178 4.25530453528035 
179 4.28992542771644 
180 4.32482556004207 
181 4.3600071447525 
182 4.39547241122374 
183 4.43122360583076 
184 4.46726299206619 
185 4.50359285065982 
186 4.54021547969865 
187 4.57713319474765 
188 4.6143483289711 
189 4.65186323325465 
190 4.68968027632801 
191 4.72780184488824 
192 4.76623034372377 
193 4.80496819583904 
194 4.84401784257972 
195 4.8833817437587 
196 4.92306237778262 
197 4.96306224177914 
198 5.00338385172477 
199 5.04402974257339 
200 5.08500246838546 
201 5.12630460245776 
202 5.16793873745389 
203 5.20990748553536 
204 5.25221347849328 
205 5.2948593678808 
206 5.33784782514607 
207 5.38118154176593 
208 5.42486322938016 
209 5.46889561992643 
210 5.51328146577583 
211 5.55802353986906 
212 5.60312463585324 
213 5.64858756821935 
214 5.69441517244026 
215 5.74061030510944 
216 5.78717584408024 
217 5.8341146886058 
218 5.88142975947957 
219 5.92912399917647 
220 5.9772003719946 
221 6.02566186419757 
222 6.0745114841575 
223 6.12375226249849 
224 6.17338725224079 
225 6.2234195289455 
226 6.27385219085991 
227 6.32468835906332 
228 6.37593117761356 
229 6.42758381369398 
230 6.47964945776106 
231 6.53213132369259 
232 6.58503264893634 
233 6.63835669465937 
234 6.69210674589783 
235 6.7462861117073 
236 6.80089812531371 
237 6.85594614426473 
238 6.91143355058174 
239 6.96736375091225 
240 7.02374017668293 
241 7.080566284253 
242 7.1378455550683 
243 7.19558149581566 
244 7.25377763857789 
245 7.31243754098919 
246 7.37156478639103 
247 7.4311629839885 
248 7.4912357690071 
249 7.55178680284995 
250 7.61281977325553 
251 7.6743383944557 
252 7.73634640733427 
253 7.79884757958587 
254 7.86184570587533 
255 7.9253446079973 
256 7.98934813503642 
257 8.0538601635277 
258 8.11888459761734 
259 8.18442536922391 
260 8.25048643819979 
261 8.31707179249301 
262 8.38418544830934 
263 8.45183145027473 
264 8.52001387159799 
265 8.58873681423379 
266 8.65800440904588 
267 8.72782081597057 
268 8.7981902241805 
269 8.86911685224851 
270 8.94060494831184 
271 9.01265879023646 
272 9.08528268578158 
273 9.15848097276434 
274 9.23225801922464 
275 9.30661822359009 
276 9.3815660148411 
277 9.45710585267605 
278 9.53324222767653 
279 9.60997966147271 
280 9.68732270690864 
281 9.76527594820772 
282 9.84384400113806 
283 9.92303151317794 
284 10.0028431636811 
285 10.0832836640422 
286 10.164357757862 
287 10.2460702211124 
288 10.328425862302 
289 10.4114295226404 
290 10.4950860762035 
291 10.5794004300981 
292 10.6643775246258 
293 10.7500223334481 
294 10.8363398637495 
295 10.9233351564021 
296 11.0110132861281 
297 11.0993793616637 
298 11.1884385259217 
299 11.2781959561536 
300 11.3686568641121 
301 11.4598264962125 
302 11.5517101336938 
303 11.6443130927798 
304 11.7376407248391 
305 11.8316984165446 
306 11.9264915900332 
307 12.0220257030639 
308 12.1183062491761 
309 12.2153387578468 
310 12.3131287946472 
311 12.4116819613987 
312 12.5110038963284 
313 12.6111002742232 
314 12.7119768065836 
315 12.8136392417764 
316 12.9160933651872 
317 13.0193449993707 
318 13.1234000042014 
319 13.2282642770223 
320 13.3339437527937 
321 13.4404444042395 
322 13.5477722419937 
323 13.6559333147454 
324 13.7649337093822 
325 13.8747795511327 
326 13.9854770037081 
327 14.0970322694421 
328 14.2094515894296 
329 14.3227412436637 
330 14.436907551172 
331 14.5519568701512 
332 14.6678955980995 
333 14.7847301719484 
334 14.9024670681927 
335 15.0211128030184 
336 15.1406739324292 
337 15.2611570523718 
338 15.3825687988585 
339 15.5049158480883 
340 15.628204916567 
341 15.7524427612237 
342 15.8776361795269 
343 16.0037920095978 
344 16.1309171303216 
345 16.2590184614565 
346 16.3881029637415 
347 16.5181776390003 
348 16.6492495302444 
349 16.7813257217733 
350 16.9144133392719 
351 17.0485195499061 
352 17.1836515624156 
353 17.3198166272041 
354 17.4570220364266 
355 17.5952751240747 
356 17.7345832660585 
357 17.8749538802858 
358 18.0163944267387 
359 18.158912407547 
360 18.3025153670585 
361 18.4472108919066 
362 18.5930066110742 
363 18.7399101959551 
364 18.8879293604112 
365 19.0370718608275 
366 19.1873454961624 
367 19.3387581079957 
368 19.491317580572 
369 19.6450318408413 
370 19.7999088584956 
371 19.9559566460014 
372 20.1131832586286 
373 20.2715967944758 
374 20.431205394491 
375 20.5920172424888 
376 20.7540405651625 
377 20.9172836320934 
378 21.0817547557544 
379 21.24746229151 
380 21.4144146376113 
381 21.5826202351871 
382 21.75208756823 
383 21.9228251635772 
384 22.0948415908874 
385 22.2681454626127 
386 22.4427454339644 
387 22.6186502028755 
388 22.7958685099564 
389 22.9744091384463 
390 23.154280914159 
391 23.335492705423 
392 23.5180534230168 
393 23.7019720200977 
394 23.8872574921254 
395 24.0739188767798 
396 24.2619652538725 
397 24.451405745253 
398 24.6422495147081 
399 24.8345057678554 
400 25.0281837520306 
401 25.2232927561685 
402 25.4198421106768 
403 25.6178411873047 
404 25.817299399003 
405 26.018226199779 
406 26.2206310845437 
407 26.4245235889523 
408 26.6299132892371 
409 26.8368098020339 
410 27.0452227842008 
411 27.2551619326292 
412 27.466636984048 
413 27.6796577148192 
414 27.8942339407272 
415 28.1103755167583 
416 28.3280923368744 
417 28.5473943337766 
418 28.7682914786623 
419 28.9907937809725 
420 29.2149112881324 
421 29.4406540852815 
422 29.6680322949971 
423 29.8970560770071 
424 30.1277356278957 
425 30.3600811807988 
426 30.594103005091 
427 30.8298114060633 
428 31.0672167245911 
429 31.3063293367935 
430 31.5471596536823 
431 31.7897181208014 
432 32.0340152178573 
433 32.2800614583383 
434 32.5278673891249 
435 32.7774435900893 
436 33.028800673685 
437 33.2819492845259 
438 33.5369000989547 
439 33.7936638246011 
440 34.0522511999291 
441 34.312672993773 
442 34.5749400048632 
443 34.8390630613405 
444 35.1050530202587 
445 35.3729207670769 
446 35.6426772151396 
447 35.9143333051452 
448 36.1879000046035 
449 36.4633883072803 
450 36.7408092326312 
451 37.0201738252227 
452 37.3014931541411 
453 37.5847783123893 
454 37.8700404162716 
455 38.157290604765 
456 38.4465400388787 
457 38.7377999010007 
458 39.0310813942312 
459 39.3263957417035 
460 39.6237541858912 
461 39.9231679879031 
462 40.2246484267636 
463 40.528206798681 
464 40.8338544163011 
465 41.1416026079477 
466 41.4514627168497 
467 41.7634461003534 
468 42.0775641291217 
469 42.3938281863189 
470 42.7122496667813 
471 43.0328399761735 
472 43.3556105301304 
473 43.680572753385 
474 44.007738078881 
475 44.3371179468711 
476 44.6687238040009 
477 45.0025671023772 
478 45.3386592986221 
479 45.6770118529111 
480 46.0176362279976 
481 46.3605438882203 
482 46.7057462984971 
483 47.0532549233024 
484 47.4030812256295 
485 47.7552366659375 
486 48.1097327010822 
487 48.4665807832319 
488 48.825792358767 
489 49.187378867164 
490 49.5513517398636 
491 49.9177223991232 
492 50.2865022568525 
493 50.6577027134341 
494 51.0313351565275 
495 51.407410959857 
496 51.7859414819835 
497 52.1669380650599 
498 52.5504120335704 
499 52.9363746930537 
500 53.3248373288092 
501 53.7158112045876 
502 54.1093075612648 
503 54.505337615499 
504 54.9039125583721 
505 55.3050435540141 
506 55.7087417382116 
507 56.1150182169989 
508 56.5238840652341 
509 56.9353503251569 
510 57.3494280049319 
511 57.7661280771741 
512 58.1854614774583 
513 58.6074391028128 
514 59.0320718101955 
515 59.4593704149549 
516 59.8893456892741 
517 60.3220083605988 
518 60.7573691100489 
519 61.1954385708139 
520 61.6362273265331 
521 62.0797459096583 
522 62.5260047998017 
523 62.9750144220675 
524 63.4267851453677 
525 63.8813272807223 
526 64.3386510795434 
527 64.7987667319049 
528 65.2616843647954 
529 65.727414040357 
530 66.1959657541078 
531 66.6673494331503 
532 67.1415749343645 
533 67.6186520425859 
534 68.0985904687694 
535 68.5813998481383 
536 69.067089738319 
537 69.5556696174618 
538 70.0471488823475 
539 70.5415368464798 
540 71.038842738165 
541 71.5390756985774 
542 72.0422447798114 
543 72.5483589429217 
544 73.0574270559491 
545 73.569457891935 
546 74.0844601269226 
547 74.6024423379469 
548 75.1234130010118 
549 75.6473804890564 
550 76.1743530699095 
551 76.7043389042332 
552 77.2373460434554 
553 77.7733824276924 
554 78.3124558836606 
555 78.8545741225783 
556 79.3997447380586 
557 79.9479752039924 
558 80.4992728724223 
559 81.0536449714085 
560 81.6110986028857 
561 82.1716407405127 
562 82.7352782275143 
563 83.3020177745153 
564 83.8718659573689 
565 84.4448292149778 
566 85.0209138471094 
567 85.6001260122056 
568 86.1824717251875 
569 86.7679568552547 
570 87.356587123681 
571 87.9483681016058 
572 88.5433052078221 
573 89.1414037065612 
574 89.7426687052758 
575 90.3471051524199 
576 90.9547178352278 
577 91.5655113774919 
578 92.1794902373398 
579 92.7966587050116 
580 93.4170209006371 
581 94.0405807720148 
582 94.6673420923916 
583 95.297308458245 
584 95.9304832870679 
585 96.5668698151564 
586 97.2064710954014 
587 97.8492899950844 
588 98.4953291936786 
589 99.1445911806549 
590 99.7970782532943 
591 100.452792514507 
592 101.11173587066 
593 101.773910029407 
594 102.439316497538 
595 103.107956578826 
596 103.779831371891 
597 104.454941768071 
598 105.133288449307 
599 105.814871886038 
600 106.499692335107 
601 107.187749837685 
602 107.879044217204 
603 108.573575077303 
604 109.2713417998 
605 109.972343542664 
606 110.676579238019 
607 111.384047590152 
608 112.09474707355 
609 112.808675930949 
610 113.525832171404 
611 114.246213568383 
612 114.969817657872 
613 115.696641736516 
614 116.426682859767 
615 117.159937840071 
616 117.896403245062 
617 118.636075395797 
618 119.378950365003 
619 120.125023975359 
620 120.8742917978 
621 121.62674914985 
622 122.382391093987 
623 123.141212436029 
624 123.903207723557 
625 124.668371244367 
626 125.436697024953 
627 126.208178829017 
628 126.982810156025 
629 127.760584239781 
630 128.541494047047 
631 129.325532276192 
632 130.112691355882 
633 130.902963443799 
634 131.696340425405 
635 132.492813912742 
636 133.292375243267 
637 134.095015478732 
638 134.900725404101 
639 135.709495526509 
640 136.521316074264 
641 137.336176995889 
642 138.154067959206 
643 138.974978350474 
644 139.798897273556 
645 140.625813549141 
646 141.455715714015 
647 142.288592020367 
648 143.124430435153 
649 143.963218639504 
650 144.804944028181 
651 145.64959370908 
652 146.49715450279 
653 147.347612942198 
654 148.200955272144 
655 149.057167449133 
656 149.916235141093 
657 150.77814372719 
658 151.642878297694 
659 152.5104236539 
660 153.380764308105 
661 154.253884483635 
662 155.129768114931 
663 156.008398847693 
664 156.889760039076 
665 157.773834757942 
666 158.660605785176 
667 159.550055614052 
668 160.442166450664 
669 161.336920214408 
670 162.23429853853 
671 163.134282770727 
672 164.036853973813 
673 164.941992926443 
674 165.849680123893 
675 166.759895778907 
676 167.6726198226 
677 168.587831905425 
678 169.505511398199 
679 170.42563739319 
680 171.348188705268 
681 172.273143873115 
682 173.200481160501 
683 174.130178557616 
684 175.062213782468 
685 175.996564282342 
686 176.933207235323 
687 177.872119551877 
688 178.8132778765 
689 179.756658589424 
690 180.702237808385 
691 181.649991390461 
692 182.599894933961 
693 183.551923780383 
694 184.506053016434 
695 185.462257476104 
696 186.420511742815 
697 187.380790151614 
698 188.343066791443 
699 189.30731550746 
700 190.273509903423 
701 191.241623344138 
702 192.211628957958 
703 193.183499639348 
704 194.157208051513 
705 195.132726629071 
706 196.110027580802 
707 197.089082892438 
708 198.069864329521 
709 199.052343440316 
710 200.036491558777 
711 201.022279807573 
712 202.009679101163 
713 202.998660148935 
714 203.989193458392 
715 204.981249338389 
716 205.974797902434 
717 206.969809072027 
718 207.966252580061 
719 208.964097974268 
720 209.963314620716 
721 210.963871707357 
722 211.965738247621 
723 212.968883084057 
724 213.973274892021 
725 214.978882183413 
726 215.985673310452 
727 216.993616469502 
728 218.002679704937 
729 219.012830913047 
730 220.024037845987 
731 221.036268115769 
732 222.049489198287 
733 223.06366843738 
734 224.078773048943 
735 225.094770125055 
736 226.111626638161 
737 227.129309445275 
738 228.147785292222 
739 229.167020817905 
740 230.186982558612 
741 231.207636952343 
742 232.228950343169 
743 233.250888985619 
744 234.273419049092 
745 235.296506622289 
746 236.320117717674 
747 237.344218275956 
748 238.368774170587 
749 239.393751212288 
750 240.419115153582 
751 241.444831693354 
752 242.470866481424 
753 243.497185123127 
754 244.52375318392 
755 245.550536193986 
756 246.577499652858 
757 247.604609034053 
758 248.631829789702 
759 249.659127355203 
760 250.686467153867 
761 251.713814601571 
762 252.741135111417 
763 253.768394098386 
764 254.795556984 
765 255.822589200973 
766 256.849456197866 
767 257.876123443737 
768 258.902556432782 
769 259.928720688974 
770 260.95458177069 
771 261.980105275328 
772 263.005256843919 
773 264.030002165722 
774 265.054306982806 
775 266.078137094616 
776 267.101458362529 
777 268.124236714388 
778 269.146438149015 
779 270.168028740713 
780 271.188974643736 
781 272.209242096745 
782 273.228797427239 
783 274.247607055957 
784 275.265637501258 
785 276.282855383472 
786 277.299227429228 
787 278.314720475741 
788 279.329301475078 
789 280.342937498394 
790 281.355595740122 
791 282.367243522144 
792 283.377848297917 
793 284.387377656567 
794 285.395799326944 
795 286.403081181642 
796 287.409191240971 
797 288.414097676899 
798 289.41776881695 
799 290.420173148049 
800 291.421279320344 
801 292.421056150962 
802 293.419472627735 
803 294.416497912875 
804 295.4121013466 
805 296.406252450714 
806 297.398920932142 
807 298.390076686408 
808 299.379689801069 
809 300.367730559096 
810 301.354169442201 
811 302.338977134118 
812 303.322124523824 
813 304.30358270871 
814 305.283322997694 
815 306.261316914285 
816 307.237536199588 
817 308.211952815248 
818 309.184538946348 
819 310.15526700424 
820 311.124109629323 
821 312.091039693759 
822 313.056030304139 
823 314.019054804078 
824 314.980086776757 
825 315.939100047408 
826 316.896068685732 
827 317.850967008259 
828 318.803769580651 
829 319.754451219935 
830 320.702986996686 
831 321.649352237137 
832 322.593522525237 
833 323.53547370464 
834 324.475181880632 
835 325.412623422003 
836 326.347774962849 
837 327.280613404312 
838 328.211115916263 
839 329.139259938914 
840 330.065023184379 
841 330.988383638158 
842 331.90931956057 
843 332.82780948812 
844 333.7438322348 
845 334.657366893332 
846 335.568392836349 
847 336.476889717507 
848 337.382837472547 
849 338.286216320282 
850 339.187006763535 
851 340.085189590004 
852 340.980745873076 
853 341.873656972572 
854 342.763904535438 
855 343.651470496372 
856 344.536337078393 
857 345.418486793346 
858 346.297902442357 
859 347.174567116218 
860 348.048464195724 
861 348.919577351944 
862 349.787890546438 
863 350.653388031417 
864 351.516054349846 
865 352.375874335491 
866 353.232833112909 
867 354.086916097382 
868 354.938108994803 
869 355.786397801498 
870 356.631768804003 
871 357.474208578782 
872 358.313703991896 
873 359.150242198619 
874 359.983810643002 
875 360.814397057389 
876 361.641989461879 
877 362.466576163742 
878 363.288145756787 
879 364.106687120675 
880 364.922189420194 
881 365.734642104482 
882 366.544034906202 
883 367.350357840678 
884 368.15360120498 
885 368.953755576969 
886 369.750811814296 
887 370.544761053362 
888 371.335594708231 
889 372.123304469508 
890 372.907882303171 
891 373.689320449365 
892 374.467611421163 
893 375.242748003277 
894 376.014723250742 
895 376.783530487561 
896 377.549163305308 
897 378.311615561706 
898 379.07088137916 
899 379.826955143266 
900 380.579831501281 
901 381.329505360561 
902 382.075971886972 
903 382.819226503267 
904 383.559264887432 
905 384.296082971008 
906 385.02967693738 
907 385.76004322004 
908 386.487178500824 
909 387.211079708122 
910 387.931744015064 
911 388.649168837681 
912 389.363351833041 
913 390.074290897363 
914 390.781984164111 
915 391.486430002064 
916 392.187627013363 
917 392.885574031545 
918 393.580270119551 
919 394.27171456772 
920 394.959906891761 
921 395.644846830713 
922 396.326534344884 
923 397.004969613777 
924 397.680153034003 
925 398.352085217172 
926 399.020766987781 
927 399.686199381082 
928 400.348383640938 
929 401.007321217672 
930 401.663013765904 
931 402.315463142371 
932 402.964671403747 
933 403.61064080445 
934 404.25337379444 
935 404.892873017011 
936 405.529141306575 
937 406.16218168644 
938 406.791997366585 
939 407.418591741423 
940 408.041968387568 
941 408.662131061593 
942 409.279083697785 
943 409.892830405897 
944 410.503375468903 
945 411.110723340743 
946 411.714878644072 
947 412.315846168011 
948 412.91363086589 
949 413.508237852999 
950 414.099672404336 
951 414.68793995236 
952 415.273046084739 
953 415.854996542112 
954 416.433797215841 
955 417.009454145777 
956 417.581973518024 
957 418.151361662709 
958 418.717625051757 
959 419.280770296672 
960 419.840804146324 
961 420.397733484737 
962 420.951565328892 
963 421.502306826529 
964 422.049965253962 
965 422.594548013898 
966 423.136062633268 
967 423.674516761059 
968 424.209918166165 
969 424.742274735239 
970 425.271594470557 
971 425.797885487894 
972 426.321156014406 
973 426.841414386526 
974 427.35866904787 
975 427.872928547149 
976 428.384201536102 
977 428.892496767434 
978 429.397823092763 
979 429.90018946059 
980 430.399604914267 
981 430.896078589992 
982 431.389619714804 
983 431.880237604602 
984 432.367941662171 
985 432.85274137522 
986 433.334646314441 
987 433.813666131573 
988 434.28981055749 
989 434.763089400293 
990 435.233512543424 
991 435.701089943791 
992 436.16583162991 
993 436.627747700061 
994 437.086848320457 
995 437.54314372343 
996 437.996644205637 
997 438.447360126271 
998 438.895301905298 
999 439.340480021704 
1000 439.782905011758 
1001 440.222587467294 
1002 440.659538034007 
1003 441.093767409766 
1004 441.525286342939 
1005 441.954105630743 
1006 442.380236117603 
1007 442.803688693526 
1008 443.224474292503 
1009 443.642603890913 
1010 444.058088505953 
1011 444.470939194082 
1012 444.881167049481 
1013 445.28878320253 
1014 445.693798818304 
1015 446.09622509508 
1016 446.496073262869 
1017 446.893354581957 
1018 447.288080341468 
1019 447.68026185794 
1020 448.069910473922 
1021 448.457037556585 
1022 448.841654496349 
1023 449.223772705526 
1024 449.60340361699 
1025 449.980558682845 
1026 450.355249373128 
1027 450.727487174517 
1028 451.09728358906 
1029 451.464650132921 
1030 451.829598335143 
1031 452.19213973642 
1032 452.552285887901 
1033 452.910048349993 
1034 453.265438691192 
1035 453.618468486926 
1036 453.969149318415 
1037 454.317492771548 
1038 454.663510435773 
1039 455.007213903007 
1040 455.34861476656 
1041 455.687724620076 
1042 456.024555056485 
1043 456.359117666981 
1044 456.691424040003 
1045 457.021485760243 
1046 457.349314407662 
1047 457.674921556522 
1048 457.99831877444 
1049 458.319517621448 
1050 458.638529649076 
1051 458.955366399442 
1052 459.270039404366 
1053 459.582560184491 
1054 459.892940248426 
1055 460.201191091894 
1056 460.507324196906 
1057 460.81135103094 
1058 461.113283046137 
1059 461.413131678518 
1060 461.710908347201 
1061 462.006624453649 
1062 462.300291380915 
1063 462.591920492915 
1064 462.881523133704 
1065 463.169110626775 
1066 463.454694274362 
1067 463.738285356762 
1068 464.019895131671 
1069 464.29953483353 
1070 464.577215672884 
1071 464.852948835755 
1072 465.126745483029 
1073 465.398616749854 
1074 465.66857374505 
1075 465.936627550532 
1076 466.202789220745 
1077 466.467069782112 
1078 466.729480232495 
1079 466.990031540662 
1080 467.248734645775 
1081 467.505600456881 
1082 467.760639852418 
1083 468.013863679738 
1084 468.265282754626 
1085 468.514907860851 
1086 468.762749749709 
1087 469.008819139586 
1088 469.253126715535 
1089 469.495683128855 
1090 469.736498996685 
1091 469.975584901609 
1092 470.212951391274 
1093 470.448608978007 
1094 470.682568138456 
1095 470.914839313232 
1096 471.145432906565 
1097 471.374359285963 
1098 471.601628781894 
1099 471.827251687462 
1100 472.051238258102 
1101 472.273598711281 
1102 472.49434322621 
1103 472.713481943562 
1104 472.9310249652 
1105 473.146982353916 
1106 473.361364133176 
1107 473.574180286874 
1108 473.785440759093 
1109 473.99515545388 
1110 474.203334235022 
1111 474.409986925832 
1112 474.615123308949 
1113 474.818753126133 
1114 475.020886078086 
1115 475.221531824259 
1116 475.420699982687 
1117 475.618400129814 
1118 475.81464180034 
1119 476.009434487065 
1120 476.202787640743 
1121 476.394710669947 
1122 476.585212940931 
1123 476.774303777511 
1124 476.961992460946 
1125 477.14828822982 
1126 477.333200279945 
1127 477.516737764256 
1128 477.698909792722 
1129 477.879725432255 
1130 478.059193706634 
1131 478.237323596425 
1132 478.41412403892 
1133 478.589603928063 
1134 478.763772114402 
1135 478.936637405032 
1136 479.108208563551 
1137 479.278494310015 
1138 479.447503320907 
1139 479.615244229103 
1140 479.781725623846 
1141 479.946956050729 
1142 480.110944011674 
1143 480.273697964926 
1144 480.435226325045 
1145 480.595537462901 
1146 480.754639705684 
1147 480.912541336906 
1148 481.069250596414 
1149 481.224775680409 
1150 481.379124741461 
1151 481.532305888542 
1152 481.684327187044 
1153 481.835196658822 
1154 481.984922282225 
1155 482.133511992136 
1156 482.280973680019 
1157 482.427315193966 
1158 482.572544338748 
1159 482.71666887587 
1160 482.859696523633 
1161 483.001634957188 
1162 483.14249180861 
1163 483.282274666963 
1164 483.420991078369 
1165 483.55864854609 
1166 483.695254530597 
1167 483.830816449658 
1168 483.965341678419 
1169 484.098837549492 
1170 484.231311353043 
1171 484.362770336885 
1172 484.493221706572 
1173 484.622672625499 
1174 484.751130215 
1175 484.878601554451 
1176 485.005093681376 
1177 485.130613591551 
1178 485.255168239121 
1179 485.378764536703 
1180 485.501409355505 
1181 485.623109525445 
1182 485.743871835261 
1183 485.863703032642 
1184 485.98260982434 
1185 486.100598876304 
1186 486.217676813798 
1187 486.333850221534 
1188 486.449125643801 
1189 486.563509584596 
1190 486.677008507756 
1191 486.789628837098 
1192 486.901376956547 
1193 487.012259210283 
1194 487.122281902873 
1195 487.231451299418 
1196 487.339773625692 
1197 487.447255068286 
1198 487.553901774755 
1199 487.659719853761 
1200 487.764715375224 
1201 487.86889437047 
1202 487.972262832379 
1203 488.074826715538 
1204 488.176591936394 
1205 488.277564373402 
1206 488.377749867187 
1207 488.477154220692 
1208 488.575783199341 
1209 488.673642531188 
1210 488.770737907082 
1211 488.867074980821 
1212 488.962659369313 
1213 489.057496652738 
1214 489.151592374705 
1215 489.244952042418 
1216 489.337581126833 
1217 489.429485062828 
1218 489.520669249359 
1219 489.611139049628 
1220 489.700899791248 
1221 489.789956766407 
1222 489.878315232031 
1223 489.965980409957 
1224 490.052957487092 
1225 490.139251615583 
1226 490.224867912984 
1227 490.309811462424 
1228 490.394087312774 
1229 490.477700478816 
1230 490.56065594141 
1231 490.642958647663 
1232 490.724613511098 
1233 490.805625411826 
1234 490.885999196709 
1235 490.965739679535 
1236 491.044851641183 
1237 491.123339829796 
1238 491.20120896095 
1239 491.278463717822 
1240 491.355108751361 
1241 491.431148680458 
1242 491.506588092115 
1243 491.581431541616 
1244 491.655683552693 
1245 491.729348617701 
1246 491.802431197785 
1247 491.874935723047 
1248 491.946866592721 
1249 492.018228175337 
1250 492.089024808892 
1251 492.159260801021 
1252 492.228940429161 
1253 492.298067940726 
1254 492.366647553267 
1255 492.43468345465 
1256 492.502179803215 
1257 492.56914072795 
1258 492.635570328655 
1259 492.701472676109 
1260 492.76685181224 
1261 492.831711750286 
1262 492.896056474969 
1263 492.959889942653 
1264 493.023216081514 
1265 493.086038791706 
1266 493.14836194552 
1267 493.210189387556 
1268 493.271524934883 
1269 493.332372377201 
1270 493.39273547701 
1271 493.452617969767 
1272 493.51202356405 
1273 493.570955941723 
1274 493.629418758095 
1275 493.687415642079 
1276 493.744950196357 
1277 493.802025997539 
1278 493.858646596319 
1279 493.91481551764 
1280 493.970536260847 
1281 494.02581229985 
1282 494.080647083279 
1283 494.13504403464 
1284 494.189006552477 
1285 494.24253801052 
1286 494.295641757848 
1287 494.348321119041 
1288 494.400579394333 
1289 494.452419859767 
1290 494.503845767351 
1291 494.554860345207 
1292 494.605466797724 
1293 494.655668305712 
1294 494.70546802655 
1295 494.754869094338 
1296 494.803874620047 
1297 494.852487691667 
1298 494.900711374358 
1299 494.948548710594 
1300 494.996002720316 
1301 495.043076401073 
1302 495.089772728174 
1303 495.136094654826 
1304 495.182045112288 
1305 495.227627010009 
1306 495.272843235772 
1307 495.31769665584 
1308 495.362190115097 
1309 495.406326437189 
1310 495.450108424666 
1311 495.493538859122 
1312 495.536620501335 
1313 495.579356091407 
1314 495.6217483489 
1315 495.663799972977 
1316 495.705513642538 
1317 495.746892016354 
1318 495.787937733209 
1319 495.828653412029 
1320 495.869041652017 
1321 495.909105032794 
1322 495.948846114523 
1323 495.988267438046 
1324 496.027371525018 
1325 496.066160878034 
1326 496.104637980761 
1327 496.14280529807 
1328 496.180665276161 
1329 496.218220342696 
1330 496.255472906924 
1331 496.292425359809 
1332 496.329080074157 
1333 496.365439404741 
1334 496.401505688427 
1335 496.437281244299 
1336 496.47276837378 
1337 496.507969360759 
1338 496.542886471711 
1339 496.577521955818 
1340 496.611878045094 
1341 496.645956954503 
1342 496.679760882076 
1343 496.713292009038 
1344 496.746552499917 
1345 496.779544502669 
1346 496.812270148791 
1347 496.844731553441 
1348 496.87693081555 
1349 496.908870017939 
1350 496.940551227435 
1351 496.971976494983 
1352 497.003147855757 
1353 497.034067329279 
1354 497.064736919523 
1355 497.095158615033 
1356 497.125334389029 
1357 497.155266199518 
1358 497.184955989405 
1359 497.214405686599 
1360 497.243617204124 
1361 497.272592440223 
1362 497.301333278465 
1363 497.329841587854 
1364 497.358119222932 
1365 497.386168023885 
1366 497.413989816644 
1367 497.441586412991 
1368 497.468959610665 
1369 497.496111193455 
1370 497.523042931311 
1371 497.549756580441 
1372 497.576253883409 
1373 497.602536569239 
1374 497.62860635351 
1375 497.654464938459 
1376 497.680114013073 
1377 497.705555253193 
1378 497.730790321604 
1379 497.755820868134 
1380 497.780648529751 
1381 497.805274930654 
1382 497.82970168237 
1383 497.853930383845 
1384 497.877962621541 
1385 497.901799969524 
1386 497.925443989557 
1387 497.948896231193 
1388 497.972158231862 
1389 497.995231516965 
1390 498.018117599961 
1391 498.040817982455 
1392 498.063334154288 
1393 498.085667593624 
1394 498.107819767037 
1395 498.129792129597 
1396 498.151586124956 
1397 498.173203185435 
1398 498.194644732107 
1399 498.215912174879 
1400 498.237006912581 
1401 498.257930333045 
1402 498.27868381319 
1403 498.2992687191 
1404 498.31968640611 
1405 498.339938218885 
1406 498.3600254915 
1407 498.379949547519 
1408 498.399711700075 
1409 498.419313251951 
1410 498.438755495655 
1411 498.458039713497 
1412 498.47716717767 
1413 498.496139150322 
1414 498.514956883637 
1415 498.533621619906 
1416 498.552134591603 
1417 498.570497021463 
1418 498.58871012255 
1419 498.606775098336 
1420 498.624693142772 
1421 498.642465440356 
1422 498.660093166215 
1423 498.677577486165 
1424 498.69491955679 
1425 498.71212052551 
1426 498.72918153065 
1427 498.746103701509 
1428 498.762888158433 
1429 498.779536012877 
1430 498.796048367479 
1431 498.812426316125 
1432 498.828670944015 
1433 498.844783327732 
1434 498.860764535307 
1435 498.876615626282 
1436 498.89233765178 
1437 498.907931654568 
1438 498.923398669117 
1439 498.938739721673 
1440 498.953955830314 
1441 498.969048005018 
1442 498.984017247722 
1443 498.998864552383 
1444 499.013590905045 
1445 499.028197283894 
1446 499.042684659321 
1447 499.057053993986 
1448 499.071306242869 
1449 499.085442353339 
1450 499.099463265206 
1451 499.113369910784 
1452 499.127163214944 
1453 499.140844095179 
1454 499.154413461652 
1455 499.167872217262 
1456 499.181221257694 
1457 499.194461471477 
1458 499.207593740042 
1459 499.220618937773 
1460 499.233537932063 
1461 499.246351583372 
1462 499.259060745274 
1463 499.271666264519 
1464 499.284168981079 
1465 499.296569728204 
1466 499.308869332475 
1467 499.321068613854 
1468 499.333168385738 
1469 499.345169455008 
1470 499.35707262208 
1471 499.368878680958 
1472 499.380588419282 
1473 499.392202618378 
1474 499.403722053308 
1475 499.415147492918 
1476 499.426479699888 
1477 499.437719430779 
1478 499.448867436082 
1479 499.459924460264 
1480 499.47089124182 
1481 499.481768513311 
1482 499.492557001419 
1483 499.50325742699 
1484 499.513870505079 
1485 499.524396944997 
1486 499.534837450353 
1487 499.545192719105 
1488 499.555463443597 
1489 499.56565031061 
1490 499.575754001401 
1491 499.585775191748 
1492 499.595714551995 
1493 499.60557274709 
1494 499.615350436634 
1495 499.625048274917 
1496 499.634666910965 
1497 499.644206988579 
1498 499.653669146374 
1499 499.663054017825 
1500 499.672362231304 
1501 499.681594410121 
1502 499.690751172566 
1503 499.699833131945 
1504 499.708840896622 
1505 499.717775070058 
1506 499.726636250849 
1507 499.735425032764 
1508 499.744142004787 
1509 499.752787751148 
1510 499.761362851366 
1511 499.769867880287 
1512 499.778303408117 
1513 499.78667000046 
1514 499.794968218356 
1515 499.803198618319 
1516 499.811361752367 
1517 499.819458168061 
1518 499.827488408544 
1519 499.835453012568 
1520 499.843352514538 
1521 499.851187444538 
1522 499.858958328373 
1523 499.866665687596 
1524 499.874310039547 
1525 499.881891897384 
1526 499.889411770118 
1527 499.896870162645 
1528 499.904267575777 
1529 499.911604506278 
1530 499.918881446894 
1531 499.926098886385 
1532 499.933257309559 
1533 499.940357197299 
1534 499.9473990266 
1535 499.954383270596 
1536 499.961310398591 
1537 499.968180876092 
1538 499.974995164837 
1539 499.981753722825 
1540 499.988457004349 
1541 499.995105460021 
1542 500.001699536806 
1543 500.008239678047 
1544 500.014726323497 
1545 500.021159909345 
1546 500.027540868248 
1547 500.033869629356 
1548 500.040146618342 
1549 500.046372257429 
1550 500.052546965417 
1551 500.058671157711 
1552 500.064745246351 
1553 500.070769640033 
1554 500.076744744141 
1555 500.082670960771 
1556 500.088548688758 
1557 500.094378323701 
1558 500.100160257993 
1559 500.10589488084 
1560 500.111582578293 
1561 500.117223733269 
1562 500.122818725579 
1563 500.128367931951 
1564 500.133871726055 
1565 500.139330478528 
1566 500.144744556999 
1567 500.150114326113 
1568 500.155440147551 
1569 500.160722380062 
1570 500.165961379477 
1571 500.171157498742 
1572 500.176311087932 
1573 500.181422494282 
1574 500.186492062203 
1575 500.19152013331 
1576 500.196507046444 
1577 500.201453137689 
1578 500.2063587404 
1579 500.211224185224 
1580 500.216049800119 
1581 500.220835910378 
1582 500.22558283865 
1583 500.230290904961 
1584 500.234960426735 
1585 500.239591718815 
1586 500.244185093484 
1587 500.248740860488 
1588 500.253259327049 
1589 500.257740797896 
1590 500.262185575275 
1591 500.266593958977 
1592 500.270966246351 
1593 500.27530273233 
1594 500.279603709445 
1595 500.283869467849 
1596 500.288100295332 
1597 500.292296477343 
1598 500.296458297009 
1599 500.300586035151 
1600 500.304679970305 
1601 500.308740378741 
1602 500.312767534477 
1603 500.316761709304 
1604 500.320723172798 
1605 500.32465219234 
1606 500.328549033134 
1607 500.332413958226 
1608 500.336247228519 
1609 500.34004910279 
1610 500.34381983771 
1611 500.347559687858 
1612 500.351268905742 
1613 500.354947741809 
1614 500.358596444469 
1615 500.362215260107 
1616 500.365804433101 
1617 500.369364205837 
1618 500.372894818727 
1619 500.376396510224 
1620 500.379869516836 
1621 500.383314073146 
1622 500.386730411822 
1623 500.390118763639 
1624 500.393479357489 
1625 500.396812420398 
1626 500.400118177543 
1627 500.403396852262 
1628 500.406648666075 
1629 500.409873838695 
1630 500.413072588044 
1631 500.416245130266 
1632 500.419391679744 
1633 500.42251244911 
1634 500.425607649264 
1635 500.428677489386 
1636 500.431722176949 
1637 500.434741917733 
1638 500.437736915843 
1639 500.440707373714 
1640 500.443653492133 
1641 500.446575470247 
1642 500.449473505581 
1643 500.452347794046 
1644 500.455198529953 
1645 500.458025906032 
1646 500.460830113437 
1647 500.463611341762 
1648 500.466369779055 
1649 500.469105611829 
1650 500.471819025075 
1651 500.474510202273 
1652 500.477179325406 
1653 500.479826574972 
1654 500.482452129995 
1655 500.485056168037 
1656 500.487638865212 
1657 500.490200396195 
1658 500.492740934235 
1659 500.495260651167 
1660 500.497759717422 
1661 500.50023830204 
1662 500.50269657268 
1663 500.505134695634 
1664 500.507552835833 
1665 500.509951156863 
1666 500.512329820973 
1667 500.514688989087 
1668 500.517028820816 
1669 500.519349474465 
1670 500.521651107047 
1671 500.523933874294 
1672 500.526197930662 
1673 500.528443429349 
1674 500.5306705223 
1675 500.532879360218 
1676 500.535070092576 
1677 500.537242867624 
1678 500.539397832402 
1679 500.541535132748 
1680 500.54365491331 
1681 500.545757317551 
1682 500.547842487763 
1683 500.549910565077 
1684 500.551961689468 
1685 500.553995999768 
1686 500.556013633674 
1687 500.558014727759 
1688 500.559999417477 
1689 500.561967837178 
1690 500.563920120111 
1691 500.565856398438 
1692 500.567776803239 
1693 500.569681464523 
1694 500.571570511237 
1695 500.573444071273 
1696 500.575302271477 
1697 500.57714523766 
1698 500.5789730946 
1699 500.58078596606 
1700 500.582583974787 
1701 500.584367242528 
1702 500.58613589003 
1703 500.587890037057 
1704 500.589629802391 
1705 500.591355303843 
1706 500.593066658261 
1707 500.594763981538 
1708 500.596447388617 
1709 500.598116993504 
1710 500.59977290927 
1711 500.601415248062 
1712 500.60304412111 
1713 500.604659638735 
1714 500.606261910354 
1715 500.607851044488 
1716 500.609427148775 
1717 500.610990329967 
1718 500.612540693945 
1719 500.614078345726 
1720 500.615603389464 
1721 500.617115928463 
1722 500.618616065182 
1723 500.620103901241 
1724 500.621579537428 
1725 500.623043073708 
1726 500.624494609227 
1727 500.625934242321 
1728 500.627362070518 
1729 500.628778190552 
1730 500.630182698364 
1731 500.631575689108 
1732 500.632957257163 
1733 500.634327496132 
1734 500.635686498854 
1735 500.637034357408 
1736 500.638371163119 
1737 500.639697006565 
1738 500.641011977582 
1739 500.642316165272 
1740 500.643609658007 
1741 500.644892543435 
1742 500.646164908488 
1743 500.647426839384 
1744 500.648678421639 
1745 500.649919740066 
1746 500.651150878784 
1747 500.652371921225 
1748 500.653582950137 
1749 500.654784047591 
1750 500.655975294985 
1751 500.657156773053 
1752 500.658328561864 
1753 500.659490740837 
1754 500.660643388735 
1755 500.661786583682 
1756 500.662920403157 
1757 500.664044924007 
1758 500.665160222452 
1759 500.666266374083 
1760 500.667363453877 
1761 500.668451536193 
1762 500.669530694785 
1763 500.6706010028 
1764 500.671662532787 
1765 500.672715356702 
1766 500.67375954591 
1767 500.674795171192 
1768 500.675822302751 
1769 500.676841010213 
1770 500.677851362635 
1771 500.678853428509 
1772 500.679847275764 
1773 500.680832971775 
1774 500.681810583363 
1775 500.682780176803 
1776 500.683741817828 
1777 500.684695571632 
1778 500.685641502873 
1779 500.686579675683 
1780 500.687510153666 
1781 500.688432999906 
1782 500.68934827697 
1783 500.690256046914 
1784 500.691156371282 
1785 500.692049311119 
1786 500.692934926965 
1787 500.693813278868 
1788 500.694684426382 
1789 500.695548428574 
1790 500.696405344025 
1791 500.69725523084 
1792 500.698098146645 
1793 500.698934148595 
1794 500.699763293376 
1795 500.700585637211 
1796 500.701401235861 
1797 500.702210144631 
1798 500.703012418372 
1799 500.703808111487 
1800 500.704597277933 
1801 500.705379971223 
1802 500.706156244435 
1803 500.706926150208 
1804 500.707689740754 
1805 500.708447067853 
1806 500.709198182865 
1807 500.709943136725 
1808 500.710681979954 
1809 500.711414762657 
1810 500.71214153453 
1811 500.71286234486 
1812 500.713577242531 
1813 500.714286276027 
1814 500.714989493434 
1815 500.715686942445 
1816 500.71637867036 
1817 500.717064724093 
1818 500.717745150174 
1819 500.718419994752 
1820 500.719089303594 
1821 500.719753122097 
1822 500.720411495283 
1823 500.721064467806 
1824 500.721712083953 
1825 500.722354387651 
1826 500.722991422462 
1827 500.723623231596 
1828 500.724249857907 
1829 500.724871343895 
1830 500.725487731717 
1831 500.726099063181 
1832 500.726705379752 
1833 500.727306722557 
1834 500.727903132385 
1835 500.728494649691 
1836 500.729081314598 
1837 500.7296631669 
1838 500.730240246067 
1839 500.730812591242 
1840 500.731380241249 
1841 500.731943234594 
1842 500.732501609468 
1843 500.733055403747 
1844 500.733604654997 
1845 500.734149400477 
1846 500.734689677141 
1847 500.735225521639 
1848 500.735756970321 
1849 500.736284059238 
1850 500.736806824147 
1851 500.737325300511 
1852 500.737839523504 
1853 500.738349528008 
1854 500.738855348623 
1855 500.739357019663 
1856 500.739854575161 
1857 500.740348048872 
1858 500.740837474274 
1859 500.741322884569 
1860 500.741804312689 
1861 500.742281791295 
1862 500.74275535278 
1863 500.743225029272 
1864 500.743690852636 
1865 500.744152854473 
1866 500.744611066129 
1867 500.745065518691 
1868 500.74551624299 
1869 500.745963269607 
1870 500.746406628869 
1871 500.746846350857 
1872 500.747282465405 
1873 500.747715002101 
1874 500.748143990292 
1875 500.748569459082 
1876 500.74899143734 
1877 500.749409953696 
1878 500.749825036545 
1879 500.75023671405 
1880 500.750645014143 
1881 500.751049964527 
1882 500.751451592677 
1883 500.751849925844 
1884 500.752244991056 
1885 500.752636815117 
1886 500.753025424613 
1887 500.753410845912 
1888 500.753793105165 
1889 500.754172228309 
1890 500.754548241069 
1891 500.754921168958 
1892 500.75529103728 
1893 500.755657871133 
1894 500.756021695406 
1895 500.756382534787 
1896 500.75674041376 
1897 500.757095356609 
1898 500.757447387418 
1899 500.757796530074 
1900 500.75814280827 
1901 500.7584862455 
1902 500.75882686507 
1903 500.759164690092 
1904 500.759499743491 
1905 500.759832048002 
1906 500.760161626174 
1907 500.76048850037 
1908 500.760812692773 
1909 500.761134225381 
1910 500.761453120013 
1911 500.761769398307 
1912 500.762083081727 
1913 500.762394191559 
1914 500.762702748913 
1915 500.763008774729 
1916 500.763312289773 
1917 500.763613314643 
1918 500.763911869764 
1919 500.764207975398 
1920 500.764501651638 
1921 500.764792918413 
1922 500.765081795489 
1923 500.76536830247 
1924 500.765652458798 
1925 500.765934283756 
1926 500.766213796471 
1927 500.766491015909 
1928 500.766765960884 
1929 500.767038650055 
1930 500.767309101926 
1931 500.767577334852 
1932 500.767843367036 
1933 500.768107216531 
1934 500.768368901243 
1935 500.768628438932 
1936 500.76888584721 
1937 500.769141143546 
1938 500.769394345267 
1939 500.769645469555 
1940 500.769894533453 
1941 500.770141553864 
1942 500.770386547551 
1943 500.770629531142 
1944 500.770870521127 
1945 500.771109533861 
1946 500.771346585564 
1947 500.771581692325 
1948 500.771814870099 
1949 500.772046134712 
1950 500.772275501859 
1951 500.772502987105 
1952 500.772728605891 
1953 500.772952373527 
1954 500.773174305202 
1955 500.773394415976 
1956 500.773612720788 
1957 500.773829234455 
1958 500.77404397167 
1959 500.774256947008 
1960 500.774468174922 
1961 500.77467766975 
1962 500.774885445708 
1963 500.775091516899 
1964 500.775295897309 
1965 500.775498600808 
1966 500.775699641155 
1967 500.775899031993 
1968 500.776096786855 
1969 500.776292919164 
1970 500.77648744223 
1971 500.776680369257 
1972 500.776871713338 
1973 500.77706148746 
1974 500.777249704502 
1975 500.777436377241 
1976 500.777621518344 
1977 500.777805140379 
1978 500.777987255808 
1979 500.778167876991 
1980 500.778347016188 
1981 500.778524685557 
1982 500.778700897156 
1983 500.778875662947 
1984 500.779048994789 
1985 500.77922090445 
1986 500.779391403595 
1987 500.779560503797 
1988 500.779728216535 
1989 500.77989455319 
1990 500.780059525053 
1991 500.780223143321 
1992 500.7803854191 
1993 500.780546363403 
1994 500.780705987155 
1995 500.780864301189 
1996 500.781021316252 
1997 500.781177043001 
1998 500.781331492005 
1999 500.781484673748 
2000 500.781636598627 
2001 500.781787276953 
2002 500.781936718954 
2003 500.782084934774 
2004 500.782231934472 
2005 500.782377728027 
2006 500.782522325333 
2007 500.782665736206 
2008 500.78280797038 
2009 500.782949037509 
2010 500.783088947168 
2011 500.783227708854 
2012 500.783365331984 
2013 500.783501825902 
2014 500.78363719987 
2015 500.783771463079 
2016 500.783904624641 
2017 500.784036693594 
2018 500.784167678904 
2019 500.784297589461 
2020 500.784426434083 
2021 500.784554221516 
2022 500.784680960434 
2023 500.784806659438 
2024 500.784931327063 
2025 500.785054971768 
2026 500.785177601948 
2027 500.785299225926 
2028 500.785419851958 
2029 500.785539488231 
2030 500.785658142866 
2031 500.785775823918 
2032 500.785892539373 
2033 500.786008297156 
2034 500.786123105122 
2035 500.786236971066 
2036 500.786349902716 
2037 500.786461907738 
2038 500.786572993734 
2039 500.786683168246 
2040 500.786792438751 
2041 500.786900812667 
2042 500.78700829735 
2043 500.787114900095 
2044 500.78722062814 
2045 500.787325488661 
2046 500.787429488776 
2047 500.787532635544 
2048 500.787634935967 
2049 500.787736396989 
2050 500.787837025497 
2051 500.787936828322 
2052 500.788035812239 
2053 500.788133983966 
2054 500.788231350167 
2055 500.788327917452 
2056 500.788423692375 
2057 500.788518681439 
2058 500.78861289109 
2059 500.788706327724 
2060 500.788798997684 
2061 500.788890907259 
2062 500.788982062689 
2063 500.789072470162 
2064 500.789162135813 
2065 500.789251065731 
2066 500.789339265952 
2067 500.789426742463 
2068 500.789513501201 
2069 500.789599548056 
2070 500.78968488887 
2071 500.789769529434 
2072 500.789853475496 
2073 500.789936732752 
2074 500.790019306855 
2075 500.79010120341 
2076 500.790182427977 
2077 500.790262986068 
2078 500.790342883153 
2079 500.790422124655 
2080 500.790500715952 
2081 500.790578662381 
2082 500.790655969232 
2083 500.790732641753 
2084 500.790808685148 
2085 500.790884104581 
2086 500.790958905169 
2087 500.791033091991 
2088 500.791106670084 
2089 500.791179644441 
2090 500.791252020016 
2091 500.791323801723 
2092 500.791394994434 
2093 500.791465602982 
2094 500.791535632159 
2095 500.791605086721 
2096 500.791673971381 
2097 500.791742290816 
2098 500.791810049663 
2099 500.791877252522 
2100 500.791943903956 
2101 500.792010008488 
2102 500.792075570606 
2103 500.79214059476 
2104 500.792205085366 
2105 500.792269046799 
2106 500.792332483403 
2107 500.792395399484 
2108 500.792457799312 
2109 500.792519687125 
2110 500.792581067121 
2111 500.79264194347 
2112 500.792702320302 
2113 500.792762201718 
2114 500.79282159178 
2115 500.792880494522 
2116 500.792938913942 
2117 500.792996854006 
2118 500.793054318646 
2119 500.793111311764 
2120 500.793167837229 
2121 500.793223898878 
2122 500.793279500516 
2123 500.793334645919 
2124 500.793389338829 
2125 500.793443582959 
2126 500.793497381992 
2127 500.79355073958 
2128 500.793603659345 
2129 500.79365614488 
2130 500.793708199747 
2131 500.79375982748 
2132 500.793811031584 
2133 500.793861815535 
2134 500.79391218278 
2135 500.793962136739 
2136 500.794011680802 
2137 500.794060818333 
2138 500.794109552669 
2139 500.794157887116 
2140 500.794205824956 
2141 500.794253369444 
2142 500.794300523807 
2143 500.794347291245 
2144 500.794393674935 
2145 500.794439678025 
2146 500.794485303637 
2147 500.794530554869 
2148 500.794575434793 
2149 500.794619946456 
2150 500.794664092879 
2151 500.794707877059 
2152 500.794751301968 
2153 500.794794370555 
2154 500.794837085743 
2155 500.794879450432 
2156 500.794921467497 
2157 500.794963139792 
2158 500.795004470146 
2159 500.795045461363 
2160 500.795086116226 
2161 500.795126437496 
2162 500.79516642791 
2163 500.795206090183 
2164 500.795245427006 
2165 500.795284441052 
2166 500.795323134967 
2167 500.795361511379 
2168 500.795399572893 
2169 500.795437322092 
2170 500.795474761541 
2171 500.795511893779 
2172 500.795548721328 
2173 500.795585246689 
2174 500.79562147234 
2175 500.795657400741 
2176 500.79569303433 
2177 500.795728375528 
2178 500.795763426732 
2179 500.795798190323 
2180 500.795832668661 
2181 500.795866864086 
2182 500.795900778919 
2183 500.795934415464 
2184 500.795967776002 
2185 500.7960008628 
2186 500.796033678104 
2187 500.79606622414 
2188 500.796098503119 
2189 500.796130517231 
2190 500.796162268651 
2191 500.796193759533 
2192 500.796224992016 
2193 500.796255968219 
2194 500.796286690246 
2195 500.796317160182 
2196 500.796347380096 
2197 500.796377352039 
2198 500.796407078046 
2199 500.796436560135 
2200 500.796465800308 
2201 500.796494800549 
2202 500.796523562827 
2203 500.796552089095 
2204 500.796580381289 
2205 500.79660844133 
2206 500.796636271124 
2207 500.796663872558 
2208 500.796691247507 
2209 500.79671839783 
2210 500.79674532537 
2211 500.796772031954 
2212 500.796798519395 
2213 500.796824789493 
2214 500.79685084403 
2215 500.796876684774 
2216 500.796902313481 
2217 500.79692773189 
2218 500.796952941727 
2219 500.796977944703 
2220 500.797002742516 
2221 500.797027336848 
2222 500.79705172937 
2223 500.797075921738 
2224 500.797099915594 
2225 500.797123712566 
2226 500.797147314271 
2227 500.797170722311 
2228 500.797193938274 
2229 500.797216963737 
2230 500.797239800263 
2231 500.797262449402 
2232 500.797284912692 
2233 500.797307191659 
2234 500.797329287813 
2235 500.797351202656 
2236 500.797372937674 
2237 500.797394494345 
2238 500.797415874131 
2239 500.797437078483 
2240 500.797458108841 
2241 500.797478966633 
2242 500.797499653275 
2243 500.797520170171 
2244 500.797540518713 
2245 500.797560700285 
2246 500.797580716255 
2247 500.797600567982 
2248 500.797620256814 
2249 500.797639784087 
2250 500.797659151128 
2251 500.797678359252 
2252 500.797697409761 
2253 500.79771630395 
2254 500.7977350431 
2255 500.797753628486 
2256 500.797772061367 
2257 500.797790342995 
2258 500.797808474612 
2259 500.797826457448 
2260 500.797844292725 
2261 500.797861981653 
2262 500.797879525432 
2263 500.797896925255 
2264 500.797914182301 
2265 500.797931297743 
2266 500.797948272743 
2267 500.797965108453 
2268 500.797981806016 
2269 500.797998366566 
2270 500.798014791226 
2271 500.798031081112 
2272 500.79804723733 
2273 500.798063260977 
2274 500.79807915314 
2275 500.798094914898 
2276 500.798110547322 
2277 500.798126051472 
2278 500.798141428401 
2279 500.798156679154 
2280 500.798171804764 
2281 500.79818680626 
2282 500.79820168466 
2283 500.798216440974 
2284 500.798231076203 
2285 500.798245591341 
2286 500.798259987374 
2287 500.798274265279 
2288 500.798288426024 
2289 500.798302470572 
2290 500.798316399877 
2291 500.798330214883 
2292 500.798343916528 
2293 500.798357505743 
2294 500.798370983451 
2295 500.798384350565 
2296 500.798397607994 
2297 500.798410756638 
2298 500.79842379739 
2299 500.798436731134 
2300 500.798449558748 
2301 500.798462281105 
2302 500.798474899066 
2303 500.79848741349 
2304 500.798499825225 
2305 500.798512135114 
2306 500.798524343993 
2307 500.798536452691 
2308 500.798548462029 
2309 500.798560372824 
2310 500.798572185883 
2311 500.798583902009 
2312 500.798595521996 
2313 500.798607046635 
2314 500.798618476707 
2315 500.798629812988 
2316 500.798641056247 
2317 500.798652207249 
2318 500.79866326675 
2319 500.798674235501 
2320 500.798685114247 
2321 500.798695903726 
2322 500.79870660467 
2323 500.798717217807 
2324 500.798727743856 
2325 500.798738183533 
2326 500.798748537545 
2327 500.798758806596 
2328 500.798768991384 
2329 500.798779092599 
2330 500.798789110927 
2331 500.798799047048 
2332 500.798808901638 
2333 500.798818675365 
2334 500.798828368891 
2335 500.798837982877 
2336 500.798847517974 
2337 500.798856974829 
2338 500.798866354085 
2339 500.798875656379 
2340 500.798884882341 
2341 500.798894032598 
2342 500.798903107772 
2343 500.798912108478 
2344 500.798921035328 
2345 500.798929888928 
2346 500.798938669878 
2347 500.798947378775 
2348 500.79895601621 
2349 500.79896458277 
2350 500.798973079035 
2351 500.798981505584 
2352 500.798989862987 
2353 500.798998151812 
2354 500.799006372623 
2355 500.799014525976 
2356 500.799022612426 
2357 500.799030632522 
2358 500.799038586808 
2359 500.799046475824 
2360 500.799054300105 
2361 500.799062060184 
2362 500.799069756586 
2363 500.799077389834 
2364 500.799084960447 
2365 500.799092468937 
2366 500.799099915817 
2367 500.799107301589 
2368 500.799114626757 
2369 500.799121891817 
2370 500.799129097263 
2371 500.799136243583 
2372 500.799143331264 
2373 500.799150360785 
2374 500.799157332625 
2375 500.799164247256 
2376 500.799171105149 
2377 500.799177906768 
2378 500.799184652575 
2379 500.799191343029 
2380 500.799197978584 
2381 500.799204559689 
2382 500.799211086793 
2383 500.799217560337 
2384 500.799223980762 
2385 500.799230348503 
2386 500.799236663993 
2387 500.79924292766 
2388 500.79924913993 
2389 500.799255301224 
2390 500.799261411961 
2391 500.799267472555 
2392 500.799273483418 
2393 500.799279444959 
2394 500.799285357581 
2395 500.799291221686 
2396 500.799297037672 
2397 500.799302805935 
2398 500.799308526866 
2399 500.799314200852 
2400 500.79931982828 
2401 500.799325409531 
2402 500.799330944985 
2403 500.799336435016 
2404 500.799341879998 
2405 500.799347280301 
2406 500.799352636291 
2407 500.799357948331 
2408 500.799363216783 
2409 500.799368442004 
2410 500.799373624349 
2411 500.799378764169 
2412 500.799383861813 
2413 500.799388917628 
2414 500.799393931957 
2415 500.79939890514 
2416 500.799403837515 
2417 500.799408729417 
2418 500.799413581177 
2419 500.799418393126 
2420 500.799423165589 
2421 500.799427898892 
2422 500.799432593354 
2423 500.799437249296 
2424 500.799441867032 
2425 500.799446446877 
2426 500.799450989141 
2427 500.799455494134 
2428 500.79945996216 
2429 500.799464393523 
2430 500.799468788523 
2431 500.79947314746 
2432 500.799477470629 
2433 500.799481758324 
2434 500.799486010835 
2435 500.799490228451 
2436 500.79949441146 
2437 500.799498560144 
2438 500.799502674786 
2439 500.799506755664 
2440 500.799510803056 
2441 500.799514817236 
2442 500.799518798478 
2443 500.799522747051 
2444 500.799526663223 
2445 500.799530547261 
2446 500.799534399427 
2447 500.799538219984 
2448 500.799542009191 
2449 500.799545767305 
2450 500.799549494581 
2451 500.799553191273 
2452 500.799556857631 
2453 500.799560493904 
2454 500.799564100339 
2455 500.799567677181 
2456 500.799571224672 
2457 500.799574743054 
2458 500.799578232566 
2459 500.799581693444 
2460 500.799585125923 
2461 500.799588530236 
2462 500.799591906615 
2463 500.799595255288 
2464 500.799598576483 
2465 500.799601870426 
2466 500.79960513734 
2467 500.799608377447 
2468 500.799611590966 
2469 500.799614778117 
2470 500.799617939115 
2471 500.799621074174 
2472 500.799624183509 
2473 500.799627267329 
2474 500.799630325845 
2475 500.799633359264 
2476 500.799636367791 
2477 500.799639351632 
2478 500.799642310988 
2479 500.799645246061 
2480 500.79964815705 
2481 500.799651044152 
2482 500.799653907563 
2483 500.799656747478 
2484 500.79965956409 
2485 500.79966235759 
2486 500.799665128168 
2487 500.799667876011 
2488 500.799670601306 
2489 500.799673304238 
2490 500.799675984992 
2491 500.799678643747 
2492 500.799681280686 
2493 500.799683895987 
2494 500.799686489828 
2495 500.799689062385 
2496 500.799691613832 
2497 500.799694144343 
2498 500.799696654089 
2499 500.799699143242 
2500 500.799701611969 
2501 500.799704060438 
2502 500.799706488817 
2503 500.799708897269 
2504 500.799711285958 
2505 500.799713655046 
2506 500.799716004695 
2507 500.799718335062 
2508 500.799720646308 
2509 500.799722938589 
2510 500.79972521206 
2511 500.799727466875 
2512 500.799729703188 
2513 500.799731921151 
2514 500.799734120914 
2515 500.799736302627 
2516 500.799738466437 
2517 500.799740612492 
2518 500.799742740937 
2519 500.799744851917 
2520 500.799746945574 
2521 500.799749022052 
2522 500.799751081491 
2523 500.799753124031 
2524 500.799755149811 
2525 500.799757158967 
2526 500.799759151638 
2527 500.799761127957 
2528 500.799763088059 
2529 500.799765032077 
2530 500.799766960144 
2531 500.799768872389 
2532 500.799770768943 
2533 500.799772649934 
2534 500.799774515491 
2535 500.79977636574 
2536 500.799778200806 
2537 500.799780020814 
2538 500.799781825888 
2539 500.79978361615 
2540 500.799785391722 
2541 500.799787152724 
2542 500.799788899276 
2543 500.799790631496 
2544 500.799792349503 
2545 500.799794053412 
2546 500.799795743339 
2547 500.799797419399 
2548 500.799799081706 
2549 500.799800730373 
2550 500.799802365512 
2551 500.799803987233 
2552 500.799805595646 
2553 500.799807190862 
2554 500.799808772988 
2555 500.799810342132 
2556 500.799811898399 
2557 500.799813441897 
2558 500.799814972729 
2559 500.799816490999 
2560 500.799817996811 
2561 500.799819490267 
2562 500.799820971468 
2563 500.799822440515 
2564 500.799823897508 
2565 500.799825342545 
2566 500.799826775724 
2567 500.799828197143 
2568 500.799829606899 
2569 500.799831005087 
2570 500.799832391801 
2571 500.799833767137 
2572 500.799835131187 
2573 500.799836484044 
2574 500.7998378258 
2575 500.799839156547 
2576 500.799840476373 
2577 500.799841785369 
2578 500.799843083625 
2579 500.799844371227 
2580 500.799845648264 
2581 500.799846914821 
2582 500.799848170986 
2583 500.799849416843 
2584 500.799850652477 
2585 500.799851877972 
2586 500.799853093411 
2587 500.799854298876 
2588 500.79985549445 
2589 500.799856680213 
2590 500.799857856246 
2591 500.79985902263 
2592 500.799860179442 
2593 500.799861326762 
2594 500.799862464667 
2595 500.799863593235 
2596 500.799864712542 
2597 500.799865822665 
2598 500.799866923679 
2599 500.799868015658 
2600 500.799869098676 
2601 500.799870172808 
2602 500.799871238126 
2603 500.799872294702 
2604 500.799873342608 
2605 500.799874381915 
2606 500.799875412695 
2607 500.799876435016 
2608 500.799877448948 
2609 500.79987845456 
2610 500.79987945192 
2611 500.799880441097 
2612 500.799881422157 
2613 500.799882395166 
2614 500.799883360191 
2615 500.799884317298 
2616 500.799885266551 
2617 500.799886208014 
2618 500.799887141753 
2619 500.799888067829 
2620 500.799888986306 
2621 500.799889897247 
2622 500.799890800712 
2623 500.799891696765 
2624 500.799892585464 
2625 500.799893466871 
2626 500.799894341046 
2627 500.799895208047 
2628 500.799896067934 
2629 500.799896920765 
2630 500.799897766599 
2631 500.799898605491 
2632 500.7998994375 
2633 500.799900262682 
2634 500.799901081092 
2635 500.799901892787 
2636 500.799902697821 
2637 500.79990349625 
2638 500.799904288127 
2639 500.799905073506 
2640 500.799905852441 
2641 500.799906624984 
2642 500.799907391187 
2643 500.799908151104 
2644 500.799908904784 
2645 500.799909652281 
2646 500.799910393643 
2647 500.799911128923 
2648 500.799911858168 
2649 500.79991258143 
2650 500.799913298757 
2651 500.799914010198 
2652 500.799914715801 
2653 500.799915415615 
2654 500.799916109685 
2655 500.799916798061 
2656 500.799917480787 
2657 500.799918157912 
2658 500.79991882948 
2659 500.799919495538 
2660 500.79992015613 
2661 500.799920811302 
2662 500.799921461098 
2663 500.799922105561 
2664 500.799922744736 
2665 500.799923378667 
2666 500.799924007396 
2667 500.799924630965 
2668 500.799925249418 
2669 500.799925862796 
2670 500.79992647114 
2671 500.799927074493 
2672 500.799927672895 
2673 500.799928266387 
2674 500.799928855008 
2675 500.7999294388 
2676 500.799930017801 
2677 500.799930592051 
2678 500.799931161589 
2679 500.799931726454 
2680 500.799932286684 
2681 500.799932842316 
2682 500.799933393389 
2683 500.799933939941 
2684 500.799934482007 
2685 500.799935019625 
2686 500.799935552832 
2687 500.799936081664 
2688 500.799936606156 
2689 500.799937126344 
2690 500.799937642264 
2691 500.799938153951 
2692 500.799938661438 
2693 500.799939164762 
2694 500.799939663955 
2695 500.799940159052 
2696 500.799940650087 
2697 500.799941137092 
2698 500.799941620101 
2699 500.799942099147 
2700 500.799942574261 
2701 500.799943045478 
2702 500.799943512827 
2703 500.799943976342 
2704 500.799944436053 
2705 500.799944891992 
2706 500.799945344189 
2707 500.799945792676 
2708 500.799946237483 
2709 500.79994667864 
2710 500.799947116177 
2711 500.799947550124 
2712 500.79994798051 
2713 500.799948407364 
2714 500.799948830716 
2715 500.799949250593 
2716 500.799949667026 
2717 500.799950080041 
2718 500.799950489667 
2719 500.799950895932 
2720 500.799951298864 
2721 500.799951698489 
2722 500.799952094835 
2723 500.799952487928 
2724 500.799952877796 
2725 500.799953264465 
2726 500.799953647961 
2727 500.79995402831 
2728 500.799954405538 
2729 500.799954779671 
2730 500.799955150733 
2731 500.799955518751 
2732 500.799955883749 
2733 500.799956245752 
2734 500.799956604785 
2735 500.799956960872 
2736 500.799957314036 
2737 500.799957664302 
2738 500.799958011695 
2739 500.799958356237 
2740 500.799958697951 
2741 500.799959036862 
2742 500.799959372991 
2743 500.799959706363 
2744 500.799960036999 
2745 500.799960364922 
2746 500.799960690154 
2747 500.799961012717 
2748 500.799961332633 
2749 500.799961649925 
2750 500.799961964612 
2751 500.799962276718 
2752 500.799962586262 
2753 500.799962893267 
2754 500.799963197752 
2755 500.799963499739 
2756 500.799963799248 
2757 500.799964096299 
2758 500.799964390912 
2759 500.799964683109 
2760 500.799964972907 
2761 500.799965260327 
2762 500.799965545389 
2763 500.799965828112 
2764 500.799966108515 
2765 500.799966386617 
2766 500.799966662437 
2767 500.799966935994 
2768 500.799967207306 
2769 500.799967476392 
2770 500.799967743269 
2771 500.799968007957 
2772 500.799968270473 
2773 500.799968530835 
2774 500.79996878906 
2775 500.799969045167 
2776 500.799969299171 
2777 500.799969551092 
2778 500.799969800945 
2779 500.799970048749 
2780 500.799970294519 
2781 500.799970538272 
2782 500.799970780025 
2783 500.799971019794 
2784 500.799971257596 
2785 500.799971493446 
2786 500.799971727361 
2787 500.799971959357 
2788 500.799972189449 
2789 500.799972417653 
2790 500.799972643984 
2791 500.799972868459 
2792 500.799973091091 
2793 500.799973311896 
2794 500.79997353089 
2795 500.799973748086 
2796 500.799973963501 
2797 500.799974177147 
2798 500.799974389041 
2799 500.799974599196 
2800 500.799974807626 
2801 500.799975014346 
2802 500.79997521937 
2803 500.799975422711 
2804 500.799975624384 
2805 500.799975824402 
2806 500.799976022779 
2807 500.799976219528 
2808 500.799976414662 
2809 500.799976608196 
2810 500.799976800141 
2811 500.799976990511 
2812 500.799977179319 
2813 500.799977366578 
2814 500.7999775523 
2815 500.799977736499 
2816 500.799977919185 
2817 500.799978100373 
2818 500.799978280074 
2819 500.7999784583 
2820 500.799978635064 
2821 500.799978810378 
2822 500.799978984252 
2823 500.799979156701 
2824 500.799979327734 
2825 500.799979497363 
2826 500.799979665601 
2827 500.799979832458 
2828 500.799979997946 
2829 500.799980162076 
2830 500.79998032486 
2831 500.799980486307 
2832 500.79998064643 
2833 500.799980805239 
2834 500.799980962744 
2835 500.799981118958 
2836 500.799981273889 
2837 500.79998142755 
2838 500.799981579949 
2839 500.799981731098 
2840 500.799981881006 
2841 500.799982029684 
2842 500.799982177143 
2843 500.799982323391 
2844 500.799982468439 
2845 500.799982612297 
2846 500.799982754975 
2847 500.799982896482 
2848 500.799983036828 
2849 500.799983176022 
2850 500.799983314074 
2851 500.799983450993 
2852 500.799983586788 
2853 500.799983721469 
2854 500.799983855046 
2855 500.799983987526 
2856 500.799984118919 
2857 500.799984249233 
2858 500.799984378479 
2859 500.799984506664 
2860 500.799984633797 
2861 500.799984759887 
2862 500.799984884942 
2863 500.799985008971 
2864 500.799985131983 
2865 500.799985253985 
2866 500.799985374985 
2867 500.799985494993 
2868 500.799985614016 
2869 500.799985732063 
2870 500.799985849141 
2871 500.799985965258 
2872 500.799986080422 
2873 500.799986194641 
2874 500.799986307924 
2875 500.799986420276 
2876 500.799986531707 
2877 500.799986642223 
2878 500.799986751832 
2879 500.799986860542 
2880 500.79998696836 
2881 500.799987075293 
2882 500.799987181349 
2883 500.799987286535 
2884 500.799987390857 
2885 500.799987494323 
2886 500.799987596941 
2887 500.799987698716 
2888 500.799987799656 
2889 500.799987899768 
2890 500.799987999058 
2891 500.799988097534 
2892 500.799988195201 
2893 500.799988292068 
2894 500.799988388139 
2895 500.799988483422 
2896 500.799988577923 
2897 500.799988671649 
2898 500.799988764605 
2899 500.799988856799 
2900 500.799988948236 
2901 500.799989038923 
2902 500.799989128866 
2903 500.799989218071 
2904 500.799989306544 
2905 500.799989394291 
2906 500.799989481318 
2907 500.79998956763 
2908 500.799989653235 
2909 500.799989738137 
2910 500.799989822342 
2911 500.799989905857 
2912 500.799989988686 
2913 500.799990070835 
2914 500.799990152311 
2915 500.799990233117 
2916 500.799990313261 
2917 500.799990392747 
2918 500.799990471581 
2919 500.799990549768 
2920 500.799990627313 
2921 500.799990704223 
2922 500.799990780501 
2923 500.799990856153 
2924 500.799990931184 
2925 500.7999910056 
2926 500.799991079405 
2927 500.799991152604 
2928 500.799991225203 
2929 500.799991297206 
2930 500.799991368618 
2931 500.799991439444 
2932 500.799991509689 
2933 500.799991579358 
2934 500.799991648455 
2935 500.799991716985 
2936 500.799991784952 
2937 500.799991852362 
2938 500.799991919219 
2939 500.799991985527 
2940 500.799992051291 
2941 500.799992116516 
2942 500.799992181205 
2943 500.799992245363 
2944 500.799992308995 
2945 500.799992372105 
2946 500.799992434696 
2947 500.799992496775 
2948 500.799992558344 
2949 500.799992619407 
2950 500.79999267997 
2951 500.799992740036 
2952 500.799992799608 
2953 500.799992858692 
2954 500.799992917291 
2955 500.79999297541 
2956 500.799993033051 
2957 500.79999309022 
2958 500.799993146919 
2959 500.799993203153 
2960 500.799993258926 
2961 500.799993314241 
2962 500.799993369102 
2963 500.799993423513 
2964 500.799993477477 
2965 500.799993530999 
2966 500.799993584081 
2967 500.799993636728 
2968 500.799993688943 
2969 500.79999374073 
2970 500.799993792091 
2971 500.799993843031 
2972 500.799993893553 
2973 500.79999394366 
2974 500.799993993357 
2975 500.799994042645 
2976 500.799994091529 
2977 500.799994140012 
2978 500.799994188097 
2979 500.799994235788 
2980 500.799994283087 
2981 500.799994329998 
2982 500.799994376524 
2983 500.799994422668 
2984 500.799994468434 
2985 500.799994513824 
2986 500.799994558842 
2987 500.79999460349 
2988 500.799994647772 
2989 500.799994691691 
2990 500.799994735249 
2991 500.79999477845 
2992 500.799994821296 
2993 500.799994863791 
2994 500.799994905937 
2995 500.799994947737 
2996 500.799994989194 
2997 500.799995030311 
2998 500.799995071091 
2999 500.799995111536 
