0	1.09	1.090000000000001	1.09	1.090000000000001
9	1.16	0.2946183972531248	1.8	0.7655063683601857
18	1.26	0.4294182110716776	2.49	0.9980480950335009
27	1.33	0.563293884220306	3.01	1.2001249934902618
36	1.38	0.6508456038109189	3.61	1.5264009958068019
45	1.52	0.7315736463268755	4.35	1.9456361427563995
54	1.65	0.8405355435673139	5.1	2.1189620100417095
63	1.76	1.0097524449091468	6.05	2.6177280225416846
72	1.89	1.1486078530116364	7.05	3.222964473896664
81	2.02	1.3095037227896689	8.05	3.7825256112814376
90	2.13	1.4531689509482377	9.11	4.539944933586749
99	2.37	1.5718460484411318	10.3	5.187870468699079
108	2.61	1.8085076720876794	11.67	5.950369736411343
117	2.89	2.0630802214165103	13.23	6.953754381627235
126	3.17	2.322993758063074	15.04	8.193485216926922
135	3.37	2.6117235688334235	16.75	9.368164174479437
144	3.59	2.8109606898709902	18.65	10.692871457190531
153	3.83	3.003248241487873	20.51	12.193731996398807
162	4.04	3.07655651662699	22.52	13.567977004697493
171	4.34	3.3148755632753404	24.77	15.220778560901541
180	4.73	3.6189086752776727	27.17	17.13525897090557
189	5.17	3.9762670936444904	29.71	19.032411828247096
198	5.59	4.3171170936169885	32.3	21.079705880301077
207	6.12	4.819004046480974	35.42	23.34361582960104
216	6.59	5.383911217692951	38.84	26.16295090390226
225	7.07	5.932309836817359	42.37	28.915658387800892
234	7.54	6.280605066392887	46.34	31.789526577160604
243	8.11	6.939257885393796	50.48	35.08224622227033
252	8.83	7.5601785693196435	54.99	38.787494118594466
261	9.49	8.306425223885425	59.8	42.786282848595285
270	10.07	8.843432591477136	64.52	46.996365816943765
279	10.62	9.322424577329656	69.48	51.10881724321157
288	11.52	9.901797816558364	75.32	55.35752162082402
297	12.39	10.791964603351882	81.39	60.181745571227815
306	13.11	11.478514712278765	87.6	65.74330384153201
315	13.93	11.999595826526823	94.37	70.74385415002494
324	15.05	12.761641743913673	101.48	76.1677438289989
333	16.02	13.848768898353384	109.22	81.96229132961085
342	17.14	14.759878048276683	117.3	88.226741977702
351	18.52	15.685815248178846	126.05	95.17758402060853
360	19.89	17.29238271609786	135.12	102.49288950946793
369	21.4	18.60693419131696	145.25	109.9265322840669
378	22.75	19.93445509664109	155.67	118.51752570822595
387	24.26	20.94487049375097	166.72	126.69981689015972
396	25.96	22.09032367350012	178.67	135.38361828522682
405	27.65	23.366525201664025	190.99	144.81126855324482
414	29.37	24.48072507096144	204.2	154.0809332785858
423	31.03	25.650120857415075	218.35	164.16967594534628
432	32.94	26.982164479522385	233.1	174.90057175435416
441	35.23	28.674038780750788	248.42	185.57487006596554
450	37.53	30.11788671205203	263.97	196.5176992028962
459	40.23	32.32520842933578	280.93	207.11429380899816
468	42.55	34.57657443992969	299.07	219.22126881304195
477	45.59	36.23105159942228	318.14	230.76323364002337
486	48.64	38.663476305164295	338.46	243.50047802827817
495	51.9	41.27587673205743	359.06	256.7330683803705
504	55.29	43.29367274787391	381.15	270.61538112235974
513	58.73	45.72722930596168	404.45	284.94406029956133
522	62.34	47.98634389073626	428.55	299.9624268137596
531	66.1	49.96100479373887	453.8	313.96345328716205
540	69.66	52.25211574663747	479.04	328.3439014204467
549	73.38	54.70998811917254	505.77	341.6009825805541
558	77.56	56.735244777827475	533.39	355.8009858052673
567	81.64	59.097654775803065	561.05	370.2398864250041
576	86.29	61.07497769135901	590.5	384.4764882278239
585	91.01	63.48987557083414	620.81	398.9958973473287
594	96.41	65.91941974865979	653.15	413.99754769805105
603	101.74	69.12214406396838	686.39	427.79603212278624
612	106.8	71.23395257880894	719.61	441.6824269766684
621	112.28	73.91326267998186	754.18	455.68715452599713
630	117.91	76.7076169620723	789.11	470.7014048205083
639	123.97	78.52289793429685	825.1	484.58183828946795
648	129.92	80.70979866162472	861.51	496.6913912078607
657	136.15	83.12296012534682	898.81	507.9817121708223
666	141.78	86.004560344205	937.17	519.7937316859449
675	148.32	88.39967873244788	975.73	531.3800285106696
684	154.37	90.82741931817725	1014.7	541.8757957318263
693	161.31	93.04867919535448	1054.54	552.470393414887
702	168.08	95.06927369029385	1093.8	562.1630510803782
711	174.96	97.17267105518917	1133.05	571.0772649125511
720	182.32	99.40808820211764	1173.04	578.434168769446
729	189.5	101.23334430907634	1212.55	584.719401508108
738	196.02	103.18565985639673	1252.4	590.5982136783009
747	203.04	104.57160226371211	1291.85	595.4446258889234
756	210.59	106.1344472826801	1330.98	600.0026036610175
765	217.98	107.92216639782578	1370.84	603.1708374913363
774	226.0	109.52890029576669	1410.9	605.9652283753582
783	233.79	110.63744438480131	1449.4	607.8727333907979
792	240.9	111.56208137176358	1487.81	608.553701903127
801	248.8	111.96035012449718	1526.56	608.660197811554
810	256.15	113.27560416965345	1564.03	607.3394333484366
819	263.59	114.01526696017514	1601.44	606.0239081092427
828	271.0	114.54828676152253	1638.2	603.2717828640754
837	277.88	114.60180801366093	1674.5	600.4696411976213
846	285.41	114.64679018620626	1710.65	595.6502098547436
855	292.79	115.02019953034338	1745.05	591.1047009625283
864	300.23	115.29665866797698	1777.17	585.6303970082156
873	306.79	115.48277230825384	1809.3	579.9832738967564
882	313.39	114.67330072863514	1840.69	573.8182483156144
891	320.29	114.42520657617361	1871.68	566.6483159773794
900	326.99	113.82045466435282	1902.23	558.7159923431582
909	332.98	113.10397870985796	1930.53	550.0019337238734
918	338.49	112.24473127946808	1958.15	541.0571443941942
927	344.66	111.77754157253592	1984.72	532.1118044170794
936	349.9	110.63526562538729	2010.38	522.841388185748
945	355.6	109.01880571717889	2035.43	512.9910507016666
954	361.85	107.46088823381278	2059.47	502.5245533304816
963	366.67	106.0684679817711	2082.75	491.60334366234736
972	372.69	104.82166522241475	2105.27	480.5915083519475
981	377.79	104.42989945413144	2126.54	470.18212428802525
990	382.62	102.21435711288314	2146.17	458.66336816885644
999	388.15	100.95581459232548	2166.17	447.54275896276107
1008	393.98	99.96677648098894	2184.98	435.20560336466264
1017	399.91	98.75881985929155	2203.15	423.2311761909796
1026	404.09	97.10815774176751	2221.0	411.2867248039985
1035	408.33	94.45093699905786	2237.0	398.791374029078
1044	412.95	92.07956070703204	2252.47	386.96656302579953
1053	417.41	89.86166646574054	2267.1	375.7503772453196
1062	420.6	87.81433823698724	2281.4	364.51844946449563
1071	424.5	85.67934406845094	2295.12	351.94311813132526
1080	428.83	83.45537070794185	2307.69	339.60340177919306
1089	430.75	81.74844035209479	2319.74	328.74040883347453
1098	434.22	79.87683268633026	2331.13	316.8927018724161
1107	438.76	77.55683851215184	2342.26	305.8649538603598
1116	441.44	75.99200484261485	2352.44	295.6046765529937
1125	444.98	73.9848498004828	2361.82	286.16885015668635
1134	447.43	71.76128552360248	2370.62	275.3556020857393
1143	449.88	69.7883056106107	2379.81	265.7222077659299
1152	452.44	68.01896206206031	2387.7	255.487467403002
1161	454.89	66.04717177896416	2395.7	245.22081885516977
1170	456.96	64.07419761495262	2402.67	235.17153505473408
1179	459.53	62.62669798097294	2409.04	226.17722697035623
1188	461.46	61.023225086847056	2415.48	217.21103102743197
1197	465.31	59.75776853263516	2421.61	207.6461088005263
1206	467.51	57.391061150670495	2426.86	198.41925410604688
1215	470.2	55.632957857730354	2432.0	190.3118493420733
1224	472.72	54.484038029499985	2436.75	182.7264143466948
1233	473.51	54.817020167097745	2441.08	174.64563092158934
1242	475.29	53.18532034311723	2445.41	167.14958121395338
1251	477.03	50.70279578090344	2449.17	159.11391988132274
1260	478.35	49.98391241189508	2452.79	151.38614698842167
1269	479.51	47.828998525998855	2456.4	143.7172849729635
1278	480.56	46.68846110121858	2459.79	136.20885470482452
1287	481.86	44.654186813780406	2463.01	129.56594575736327
1296	482.01	42.50179878546318	2465.65	122.11453435197627
1305	484.54	42.164805229005864	2468.28	115.34099184591749
1314	485.35	41.175289920047916	2470.8	108.67894000219178
1323	485.48	39.41528130053115	2473.14	102.12353107878714
1332	485.72	38.56614058990087	2475.4	96.16302823850752
1341	485.75	37.73966746011416	2477.29	90.55148866805007
1350	485.96	37.0139379153313	2479.06	85.46273339883298
1359	486.05	35.37070115222485	2480.92	80.0283449785137
1368	487.25	33.42794489644854	2482.29	75.62149496009717
1377	488.55	31.425109387240006	2483.74	71.40342008615553
1386	489.0	30.670017932828145	2484.97	66.41690522750966
1395	488.81	29.688652714463153	2486.04	62.349931836370125
1404	489.89	29.224652264826005	2487.23	58.510635785299776
1413	490.57	28.419716747356926	2488.26	54.32879531151047
1422	489.38	28.202148854298326	2489.31	50.22245414154907
1431	491.09	26.975168210782297	2490.23	46.685761212600994
1440	490.17	27.24276601228296	2490.92	43.08982710571024
1449	490.56	25.819240887369244	2491.73	40.13464463527738
1458	490.0	25.404723970159566	2492.46	37.190186877723534
1467	491.11	24.531043597857803	2493.33	33.631908955633186
1476	490.58	24.628414484087273	2493.79	29.843134888948924
1485	491.96	23.359109572070594	2494.31	27.878958014961746
1494	493.44	22.216858463788256	2494.78	25.881166897958835
1503	493.53	21.566049707816212	2495.38	23.846836268150962
1512	494.31	21.50668500722508	2495.9	21.44122198010179
1521	494.38	20.518255286451627	2496.31	19.182755276549823
1530	494.04	20.053707886572994	2496.52	17.192382033912583
1539	493.96	18.84899997347339	2496.89	16.237194954794372
1548	494.56	19.999459992709802	2497.25	14.653583179550317
1557	494.99	19.467185209988624	2497.46	13.038082681130689
1566	494.48	19.65069973308838	2497.73	11.962495559037835
1575	495.17	18.92737963903086	2497.96	10.360019305001314
1584	495.45	19.73219450542691	2498.18	9.594102355092941
1593	495.09	20.58681859831674	2498.34	8.520164317664305
1602	495.47	20.200650979609545	2498.54	7.5049583609770885
1611	495.49	20.550170315595935	2498.71	6.648104993154067
1620	495.44	20.133365342137914	2498.83	5.551603371999843
1629	495.07	21.78630992159985	2498.99	5.004667821144573
1638	494.36	21.705510820987374	2499.08	4.211650507817569
1647	494.16	21.42266089915069	2499.15	3.9444264475332806
1656	494.92	21.188015480454986	2499.25	3.7252516693506763
1665	495.28	20.649048404224345	2499.32	3.186283101044228
1674	495.8	20.618729349792627	2499.37	2.9631233521404403
1683	497.0	19.48537913410976	2499.44	2.697776862529593
1692	497.02	19.21250634352531	2499.47	2.55094100284581
1701	497.03	18.98893625246027	2499.49	2.3599788134642194
1710	498.01	18.863973600490432	2499.53	2.179793568207782
1719	497.73	19.79313769971804	2499.6	2.0528029618061225
1728	497.71	19.804481815993068	2499.64	1.8765926569183815
1737	496.76	20.28862735623088	2499.69	1.7756407294269887
1746	497.26	20.861265541668367	2499.74	1.40584494166319
1755	497.57	20.956347487098032	2499.78	1.1891173196955858
1764	497.23	20.330290209438722	2499.79	1.0058329881247676
1773	495.69	21.253439721607418	2499.84	1.0041912168506628
1782	494.9	21.054643193367117	2499.89	0.8227393268830585
1791	495.03	19.418725498858056	2499.9	0.5079370039680132
1800	496.39	19.45966854805086	2499.91	0.47968739820845546
1809	495.79	19.190567995762922	2499.92	0.4494441010848863
1818	496.66	18.96794137485668	2499.94	0.44045431091090775
1827	497.49	18.476831438317557	2499.95	0.3413209633175152
1836	497.0	19.571152239967887	2499.95	0.3278719262151003
1845	496.87	18.187822849368203	2499.95	0.3278719262151003
1854	497.96	19.19117505521744	2499.95	0.3278719262151003
1863	498.98	19.03414826042921	2499.96	0.32802438933713535
1872	499.1	18.730029364632614	2499.96	0.2416609194718915
1881	499.25	18.759331011525973	2499.96	0.2416609194718915
1890	498.16	17.86436676739481	2499.96	0.2416609194718915
1899	498.65	17.153264995329607	2499.96	0.2416609194718915
1908	498.43	16.844461997938666	2499.97	0.2418677324489483
1917	499.29	17.301002861106056	2499.97	0.1705872210923199
1926	499.5	17.202616080119906	2499.97	0.1705872210923199
1935	498.9	17.242099640125044	2499.98	0.17088007490635157
1944	497.89	17.7310490383395	2499.98	0.14000000000000004
1953	498.1	16.04437596168826	2499.98	0.14000000000000004
1962	498.22	17.45177354884024	2499.98	0.14000000000000004
1971	500.37	18.41613694562462	2499.98	0.14000000000000004
1980	500.84	19.0014209994937	2499.98	0.14000000000000004
1989	500.73	20.215996141669592	2499.98	0.14000000000000004
1998	500.6	19.944773751537014	2499.99	0.1403566884761665
2007	500.51	18.94803683762516	2499.99	0.09949874371066192
2016	501.76	20.6797582190895	2500.0	0.1
2025	500.96	22.87580381101394	2500.0	0.0
2034	500.42	22.604645540242387	2500.0	0.0
2043	501.2	22.867706487533894	2500.0	0.0
2052	500.63	23.0192289184499	2500.0	0.0
2061	501.17	23.30331950602746	2500.0	0.0
2070	500.88	22.537195921409566	2500.0	0.0
2079	500.48	21.346793670244715	2500.0	0.0
2088	499.7	21.49041646874252	2500.0	0.0
2097	498.48	21.033268885268402	2500.0	0.0
2106	497.39	20.756630266013804	2500.0	0.0
2115	497.43	21.436872439794012	2500.0	0.0
2124	497.34	21.011739575770495	2500.0	0.0
2133	496.97	20.436763442384898	2500.0	0.0
2142	497.62	19.85677718060008	2500.0	0.0
2151	497.69	19.35563225523775	2500.0	0.0
2160	497.75	20.63340737735772	2500.0	0.0
2169	497.3	19.68882932020083	2500.0	0.0
2178	498.24	19.813974866240237	2500.0	0.0
2187	498.22	20.402519452263732	2500.0	0.0
2196	498.64	20.337354793581195	2500.0	0.0
2205	498.95	20.42367498762159	2500.0	0.0
2214	498.96	20.012186287360013	2500.0	0.0
2223	499.08	19.663997558990896	2500.0	0.0
2232	498.27	20.046189164028153	2500.0	0.0
2241	499.23	20.38574747219243	2500.0	0.0
2250	498.62	19.60023469247244	2500.0	0.0
2259	498.95	19.94603970716994	2500.0	0.0
2268	498.77	19.676379240093947	2500.0	0.0
2277	498.25	20.64285590706867	2500.0	0.0
2286	499.0	21.006903627141245	2500.0	0.0
2295	499.19	21.613794206478417	2500.0	0.0
2304	499.31	21.526455816041807	2500.0	0.0
2313	499.36	21.73146106454879	2500.0	0.0
2322	499.55	21.521303399190305	2500.0	0.0
2331	499.36	20.188204476872134	2500.0	0.0
2340	499.73	20.366327602196712	2500.0	0.0
2349	499.48	19.01051288103506	2500.0	0.0
2358	498.77	18.71666904125838	2500.0	0.0
2367	498.75	17.993818382989197	2500.0	0.0
2376	499.11	18.325858779331462	2500.0	0.0
2385	499.28	17.06946982187789	2500.0	0.0
2394	499.66	17.64726607721434	2500.0	0.0
2403	499.63	19.083115573721184	2500.0	0.0
2412	499.86	18.765020650135185	2500.0	0.0
2421	500.96	18.797084880374403	2500.0	0.0
2430	500.8	18.374003374332982	2500.0	0.0
2439	500.28	18.341493941334228	2500.0	0.0
2448	500.1	17.749197164942423	2500.0	0.0
2457	500.27	17.44531169111059	2500.0	0.0
2466	501.46	17.571374448232557	2500.0	0.0
2475	501.42	17.610508226624237	2500.0	0.0
2484	499.83	17.537151992270584	2500.0	0.0
2493	499.99	16.656731372030947	2500.0	0.0
2502	499.13	16.620755097166917	2500.0	0.0
2511	498.61	17.226825012172146	2500.0	0.0
2520	499.54	17.522636787880984	2500.0	0.0
2529	499.96	17.95117823431097	2500.0	0.0
2538	499.16	18.76588393867979	2500.0	0.0
2547	498.97	17.800294941376674	2500.0	0.0
2556	498.92	19.103182980854267	2500.0	0.0
2565	499.02	19.214151035109516	2500.0	0.0
2574	498.43	17.926731436600477	2500.0	0.0
2583	497.3	17.90815456712388	2500.0	0.0
2592	497.11	17.944528413976222	2500.0	0.0
2601	497.51	17.910831918143835	2500.0	0.0
2610	497.17	17.645551847420357	2500.0	0.0
2619	497.47	16.389969493565264	2500.0	0.0
2628	497.86	17.362638048407273	2500.0	0.0
2637	497.23	18.044869076831784	2500.0	0.0
2646	497.96	18.22278793159817	2500.0	0.0
2655	497.18	18.424082066686527	2500.0	0.0
2664	497.6	17.93332094175532	2500.0	0.0
2673	498.4	17.857211428439772	2500.0	0.0
2682	496.84	18.65887456413168	2500.0	0.0
2691	496.27	19.30179525329185	2500.0	0.0
2700	496.49	19.285370102748875	2500.0	0.0
2709	497.62	19.130781479071892	2500.0	0.0
2718	497.73	19.50045384087252	2500.0	0.0
2727	498.8	19.317401481565785	2500.0	0.0
2736	499.69	20.42870774180296	2500.0	0.0
2745	500.87	22.262666057774844	2500.0	0.0
2754	500.42	20.98989280582443	2500.0	0.0
2763	499.66	21.09362937002544	2500.0	0.0
2772	500.32	20.248950590092317	2500.0	0.0
2781	501.21	21.183241017370314	2500.0	0.0
2790	500.77	21.522070067723508	2500.0	0.0
2799	500.27	21.273624514877568	2500.0	0.0
2808	500.48	22.142745990504423	2500.0	0.0
2817	499.68	22.463517088826496	2500.0	0.0
2826	498.79	23.090900805295583	2500.0	0.0
2835	498.88	24.146925270104262	2500.0	0.0
2844	499.44	22.432101996915044	2500.0	0.0
2853	500.32	22.81448662582614	2500.0	0.0
2862	500.35	22.65829870047617	2500.0	0.0
2871	500.9	22.085968396246518	2500.0	0.0
2880	502.04	22.01657557387161	2500.0	0.0
2889	501.21	20.976827691526665	2500.0	0.0
2898	500.89	21.758867158011693	2500.0	0.0
2907	501.56	20.751549339748113	2500.0	0.0
2916	500.95	19.770647435023466	2500.0	0.0
2925	501.27	19.760311232366757	2500.0	0.0
2934	501.12	19.798979771695308	2500.0	0.0
2943	501.29	19.571778151205372	2500.0	0.0
2952	502.21	19.63395782821181	2500.0	0.0
2961	500.96	19.008640140736002	2500.0	0.0
2970	500.63	19.533235779051044	2500.0	0.0
2979	500.65	18.464384636374973	2500.0	0.0
2988	500.53	18.12627650677326	2500.0	0.0
2997	500.49	19.273575174315745	2500.0	0.0
3006	500.86	18.453368256228995	2500.0	0.0
3015	500.46	18.96155056950776	2500.0	0.0
3024	500.75	18.808309333908777	2500.0	0.0
3033	501.44	20.073455108675237	2500.0	0.0
3042	500.51	19.648697157827034	2500.0	0.0
3051	500.52	19.587496011486508	2500.0	0.0
3060	500.37	19.806365138510397	2500.0	0.0
3069	499.96	20.200029702948463	2500.0	0.0
3078	499.68	20.78597604155263	2500.0	0.0
3087	498.69	20.529922065122417	2500.0	0.0
3096	499.56	19.889464547845424	2500.0	0.0
3105	499.44	20.566010794512387	2500.0	0.0
3114	499.26	19.46275417303523	2500.0	0.0
3123	499.38	19.691287413472992	2500.0	0.0
3132	499.97	19.915413628644522	2500.0	0.0
3141	501.12	19.98578494830763	2500.0	0.0
3150	500.02	18.939788805580708	2500.0	0.0
3159	499.73	18.617832849179837	2500.0	0.0
3168	499.4	18.134111502910752	2500.0	0.0
3177	500.3	17.774982419119294	2500.0	0.0
3186	500.93	17.72418968528604	2500.0	0.0
3195	501.34	17.749738026235768	2500.0	0.0
3204	501.36	16.96127353709031	2500.0	0.0
3213	501.16	17.24559074082416	2500.0	0.0
3222	501.42	18.5510646594744	2500.0	0.0
3231	501.62	19.278578785792277	2500.0	0.0
3240	501.45	19.857102004068974	2500.0	0.0
3249	502.41	20.47655000238078	2500.0	0.0
3258	502.57	21.098992866959318	2500.0	0.0
3267	501.37	21.14675152357922	2500.0	0.0
3276	501.22	21.033677757349043	2500.0	0.0
3285	501.42	21.12561478395363	2500.0	0.0
3294	501.67	19.933040410333792	2500.0	0.0
3303	501.3	19.210361787327173	2500.0	0.0
3312	501.16	19.402309140924437	2500.0	0.0
3321	500.22	19.156147838226765	2500.0	0.0
3330	500.58	20.41864833920208	2500.0	0.0
3339	500.5	21.862525014279573	2500.0	0.0
3348	500.81	22.480794025122872	2500.0	0.0
3357	500.99	21.795098072731857	2500.0	0.0
3366	499.15	22.049841269269944	2500.0	0.0
3375	498.29	19.994176652215508	2500.0	0.0
3384	499.36	22.190781869956727	2500.0	0.0
3393	500.98	21.400345791598795	2500.0	0.0
3402	501.1	21.01128268335848	2500.0	0.0
3411	499.58	19.409801647621236	2500.0	0.0
3420	499.41	19.028728281206817	2500.0	0.0
3429	499.25	19.646055583755228	2500.0	0.0
3438	498.2	19.16220237864114	2500.0	0.0
3447	499.04	19.22772997522068	2500.0	0.0
3456	497.63	20.292523253651822	2500.0	0.0
3465	498.35	22.140268742723066	2500.0	0.0
3474	497.19	21.33853556362291	2500.0	0.0
3483	496.23	21.317023713454933	2500.0	0.0
3492	496.57	20.330093457729117	2500.0	0.0
3501	495.22	19.349614983249666	2500.0	0.0
3510	495.92	19.55611413343663	2500.0	0.0
3519	495.8	19.690810039203566	2500.0	0.0
3528	496.72	20.785725871376258	2500.0	0.0
3537	496.34	21.218529638030997	2500.0	0.0
3546	497.6	21.906437410039995	2500.0	0.0
3555	497.75	22.121539277364946	2500.0	0.0
3564	497.73	21.661207260907684	2500.0	0.0
3573	497.67	22.050866196138415	2500.0	0.0
3582	498.37	20.867944316582786	2500.0	0.0
3591	497.16	20.725761747159016	2500.0	0.0
3600	496.82	20.470222275295395	2500.0	0.0
3609	497.23	20.363587601402667	2500.0	0.0
3618	497.0	21.138353767500437	2500.0	0.0
3627	497.02	20.556273981439354	2500.0	0.0
3636	498.11	20.141194105613494	2500.0	0.0
3645	498.02	19.87878265890545	2500.0	0.0
3654	497.98	19.322556766639348	2500.0	0.0
3663	498.69	19.32676123927649	2500.0	0.0
3672	498.08	19.086277793220972	2500.0	0.0
3681	499.4	19.50323050163741	2500.0	0.0
3690	498.9	20.48096677405635	2500.0	0.0
3699	498.97	21.57486732288289	2500.0	0.0
3708	498.2	20.639815890651736	2500.0	0.0
3717	498.56	20.900468894261678	2500.0	0.0
3726	499.72	20.81038202436467	2500.0	0.0
3735	498.53	21.09117587997407	2500.0	0.0
3744	498.21	19.92464554264392	2500.0	0.0
3753	498.38	20.246352757966065	2500.0	0.0
3762	498.49	20.146654809173654	2500.0	0.0
3771	498.66	19.983963570823484	2500.0	0.0
3780	498.97	20.370579275023083	2500.0	0.0
3789	499.81	21.271922809186762	2500.0	0.0
3798	500.06	21.459645849827066	2500.0	0.0
3807	499.33	21.833673534245218	2500.0	0.0
3816	498.63	21.12512958540136	2500.0	0.0
3825	497.13	19.956029164139842	2500.0	0.0
3834	496.09	19.16441233119346	2500.0	0.0
3843	496.39	19.471823232558375	2500.0	0.0
3852	496.21	20.38210734933952	2500.0	0.0
3861	496.22	20.141648393316768	2500.0	0.0
3870	496.21	19.74162354012456	2500.0	0.0
3879	494.89	19.841076079688825	2500.0	0.0
3888	495.73	19.711506791719398	2500.0	0.0
3897	496.85	20.248740701584378	2500.0	0.0
3906	496.16	20.617555626213303	2500.0	0.0
3915	495.72	18.749079977428224	2500.0	0.0
3924	496.17	18.950569912274403	2500.0	0.0
3933	495.67	19.163274772334713	2500.0	0.0
3942	496.37	20.761770155745392	2500.0	0.0
3951	495.78	20.94949164061028	2500.0	0.0
3960	495.37	20.78700796170531	2500.0	0.0
3969	495.84	21.445139309409953	2500.0	0.0
3978	495.99	22.212539251512865	2500.0	0.0
3987	494.53	21.01526825905394	2500.0	0.0
3996	494.39	20.769898892387513	2500.0	0.0
4005	494.56	20.774185904626925	2500.0	0.0
4014	494.11	21.11608154937843	2500.0	0.0
4023	493.92	21.01699312461228	2500.0	0.0
4032	494.13	21.457346061430805	2500.0	0.0
4041	495.07	22.080686130643674	2500.0	0.0
4050	493.65	21.911218587746326	2500.0	0.0
4059	492.55	22.51793729452145	2500.0	0.0
4068	492.6	22.53508375844208	2500.0	0.0
4077	494.24	23.04798472752011	2500.0	0.0
4086	494.51	21.21874878497787	2500.0	0.0
4095	493.89	19.7624467108706	2500.0	0.0
4104	495.04	19.35976239523616	2500.0	0.0
4113	494.17	18.938196851865282	2500.0	0.0
4122	496.26	19.773952563915998	2500.0	0.0
4131	497.07	18.937489273924353	2500.0	0.0
4140	497.21	19.15893264250386	2500.0	0.0
4149	496.31	19.325524572440465	2500.0	0.0
4158	496.78	17.78186716855122	2500.0	0.0
4167	496.45	19.805567399092613	2500.0	0.0
4176	496.75	18.517491730793346	2500.0	0.0
4185	496.74	18.074501376248257	2500.0	0.0
4194	496.78	18.259627597516875	2500.0	0.0
4203	496.22	18.38709329937714	2500.0	0.0
4212	496.21	17.374455387148114	2500.0	0.0
4221	496.22	18.070030437163073	2500.0	0.0
4230	497.03	17.76141041696858	2500.0	0.0
4239	496.58	17.954152722977486	2500.0	0.0
4248	496.79	19.316513660596208	2500.0	0.0
4257	496.85	18.55827308776331	2500.0	0.0
4266	498.36	18.473970877967737	2500.0	0.0
4275	497.52	17.665672928026265	2500.0	0.0
4284	498.13	17.66017270583728	2500.0	0.0
4293	498.65	18.309655922490734	2500.0	0.0
4302	498.52	20.04954862334811	2500.0	0.0
4311	498.27	19.518506602709127	2500.0	0.0
4320	497.83	18.3866989968292	2500.0	0.0
4329	497.49	19.026210868168157	2500.0	0.0
4338	498.52	19.38945074002871	2500.0	0.0
4347	499.7	19.304973452455197	2500.0	0.0
4356	500.25	20.640554740607143	2500.0	0.0
4365	500.71	20.735937403454898	2500.0	0.0
4374	500.09	20.973085133093797	2500.0	0.0
4383	499.04	19.6505572440071	2500.0	0.0
4392	498.16	19.341478743880984	2500.0	0.0
4401	498.83	19.13225809986892	2500.0	0.0
4410	498.17	19.51657500690118	2500.0	0.0
4419	498.49	18.65002680963221	2500.0	0.0
4428	498.38	18.480313850148757	2500.0	0.0
4437	499.12	18.501437781967105	2500.0	0.0
4446	499.78	18.89024086664858	2500.0	0.0
4455	500.31	18.268346942183904	2500.0	0.0
4464	499.89	18.11767921120142	2500.0	0.0
4473	500.3	17.97626212536967	2500.0	0.0
4482	500.3	18.78323720768068	2500.0	0.0
4491	500.7	18.782172398314312	2500.0	0.0
4500	501.36	18.95113716904609	2500.0	0.0
4509	500.89	19.003981161851325	2500.0	0.0
4518	501.18	19.23179658794259	2500.0	0.0
4527	500.37	18.42182672809621	2500.0	0.0
4536	502.14	18.3746020365068	2500.0	0.0
4545	501.43	18.721765408208704	2500.0	0.0
4554	501.39	19.078959615241082	2500.0	0.0
4563	501.94	17.52256830490325	2500.0	0.0
4572	500.05	17.126251779067125	2500.0	0.0
4581	499.22	17.242285231372314	2500.0	0.0
4590	499.04	17.374233796055584	2500.0	0.0
4599	500.05	16.826125519560353	2500.0	0.0
4608	500.53	15.74604394760792	2500.0	0.0
4617	500.03	15.835374956091187	2500.0	0.0
4626	499.78	15.72741555373927	2500.0	0.0
4635	499.88	17.30669234718177	2500.0	0.0
4644	501.03	18.533431954174056	2500.0	0.0
4653	501.52	18.534540728056896	2500.0	0.0
4662	500.69	18.98311091470521	2500.0	0.0
4671	500.39	19.418648253676146	2500.0	0.0
4680	501.25	20.348894318856736	2500.0	0.0
4689	500.94	21.37623914536886	2500.0	0.0
4698	502.23	20.16086555681576	2500.0	0.0
4707	501.6	20.66480099105723	2500.0	0.0
4716	501.92	20.790921095516666	2500.0	0.0
4725	501.79	19.740073454777214	2500.0	0.0
4734	501.41	19.236691503478454	2500.0	0.0
4743	501.27	19.253610051104697	2500.0	0.0
4752	500.46	19.473397238283823	2500.0	0.0
4761	499.85	18.979475756722042	2500.0	0.0
4770	499.0	20.017742130420203	2500.0	0.0
4779	499.25	19.863093918118597	2500.0	0.0
4788	500.28	19.569578431841602	2500.0	0.0
4797	500.44	20.517972609397837	2500.0	0.0
4806	500.26	19.59894895141063	2500.0	0.0
4815	499.39	20.424233155739284	2500.0	0.0
4824	498.77	20.545128376332915	2500.0	0.0
4833	498.3	19.62391398268959	2500.0	0.0
4842	498.97	19.976959228070722	2500.0	0.0
4851	498.43	20.518301586632358	2500.0	0.0
4860	499.49	18.621726557975233	2500.0	0.0
4869	499.97	18.49865670798829	2500.0	0.0
4878	500.05	18.33508930984521	2500.0	0.0
4887	500.97	18.720413991148806	2500.0	0.0
4896	500.82	20.83534496954634	2500.0	0.0
4905	499.99	21.338146592429247	2500.0	0.0
4914	499.93	20.612944961843755	2500.0	0.0
4923	498.43	21.315137813300666	2500.0	0.0
4932	498.61	20.148387032216746	2500.0	0.0
4941	497.97	20.012683478234493	2500.0	0.0
4950	497.77	19.92659278451788	2500.0	0.0
4959	497.64	19.859355477960506	2500.0	0.0
4968	496.83	20.77032739270135	2500.0	0.0
4977	495.74	20.076583374668115	2500.0	0.0
4986	496.34	19.447169459846847	2500.0	0.0
4995	496.25	18.720376598775996	2500.0	0.0
5004	496.41	18.292432861705414	2500.0	0.0
5013	496.07	18.44986449814741	2500.0	0.0
5022	494.98	17.725495761755163	2500.0	0.0
5031	494.41	18.529017782926324	2500.0	0.0
5040	495.36	18.959546408076328	2500.0	0.0
5049	493.87	18.671649632531132	2500.0	0.0
5058	494.86	18.86036054798529	2500.0	0.0
5067	495.6	19.02966105846345	2500.0	0.0
5076	497.27	19.796689117122583	2500.0	0.0
5085	497.37	19.4686183382386	2500.0	0.0
5094	498.41	20.752221567822566	2500.0	0.0
5103	497.86	20.088414571588274	2500.0	0.0
5112	497.15	20.654406309550517	2500.0	0.0
5121	496.31	21.48052839201122	2500.0	0.0
5130	497.1	22.573391415558277	2500.0	0.0
5139	497.78	21.291603979033614	2500.0	0.0
5148	498.12	20.840038387680575	2500.0	0.0
5157	497.36	21.313451151796134	2500.0	0.0
5166	497.51	21.892302300123667	2500.0	0.0
5175	497.01	20.48413776559804	2500.0	0.0
5184	497.22	19.967824117815134	2500.0	0.0
5193	497.37	21.348398066365544	2500.0	0.0
5202	497.76	21.24112049775152	2500.0	0.0
5211	497.29	21.687860659825347	2500.0	0.0
5220	497.46	21.18241723694442	2500.0	0.0
5229	495.8	21.27261149929646	2500.0	0.0
5238	495.1	21.627066375262274	2500.0	0.0
5247	496.71	21.30122296958557	2500.0	0.0
5256	498.51	20.417294140017678	2500.0	0.0
5265	500.35	21.216396960841394	2500.0	0.0
5274	501.19	19.742165534712747	2500.0	0.0
5283	500.33	19.198268151059874	2500.0	0.0
5292	501.71	18.7804552660472	2500.0	0.0
5301	501.55	18.00143049871315	2500.0	0.0
5310	502.44	17.51855016832158	2500.0	0.0
5319	502.51	17.83455354080948	2500.0	0.0
5328	502.87	18.54991913729006	2500.0	0.0
5337	502.58	18.407531067473442	2500.0	0.0
5346	502.67	18.77476231540629	2500.0	0.0
5355	501.52	19.320548646454114	2500.0	0.0
5364	502.16	18.618786211780833	2500.0	0.0
5373	502.43	19.217890102714193	2500.0	0.0
5382	501.16	18.624124140479733	2500.0	0.0
5391	500.77	19.01437614017352	2500.0	0.0
5400	501.98	18.924618886519227	2500.0	0.0
5409	501.63	18.661245939111357	2500.0	0.0
5418	502.66	18.597150319336563	2500.0	0.0
5427	501.78	16.648086977187496	2500.0	0.0
5436	501.9	16.26978795190644	2500.0	0.0
5445	501.07	15.177578858302796	2500.0	0.0
5454	501.36	16.372818938716694	2500.0	0.0
5463	501.79	16.870545337955143	2500.0	0.0
5472	502.01	17.361287394660565	2500.0	0.0
5481	501.73	19.441921201362785	2500.0	0.0
5490	501.77	21.626805126971487	2500.0	0.0
5499	500.99	22.323205414993613	2500.0	0.0
5508	499.52	21.940164083251517	2500.0	0.0
5517	498.83	21.875230284502152	2500.0	0.0
5526	497.63	21.540684761631876	2500.0	0.0
5535	497.61	21.18521890375457	2500.0	0.0
5544	497.44	21.326668750651145	2500.0	0.0
5553	498.24	21.52130107591081	2500.0	0.0
5562	497.68	21.00371395729812	2500.0	0.0
5571	497.65	20.917420969134792	2500.0	0.0
5580	498.18	20.191295154100445	2500.0	0.0
5589	497.39	19.43068964293342	2500.0	0.0
5598	497.96	19.858066371124856	2500.0	0.0
5607	498.3	19.30735611107849	2500.0	0.0
5616	498.39	20.11362970724081	2500.0	0.0
5625	498.24	21.181605227177652	2500.0	0.0
5634	497.7	21.73002531061572	2500.0	0.0
5643	497.07	20.750106023825513	2500.0	0.0
5652	497.17	21.408295121284187	2500.0	0.0
5661	496.47	21.410070060604653	2500.0	0.0
5670	496.71	21.369761346351066	2500.0	0.0
5679	497.18	22.777769864497273	2500.0	0.0
5688	497.18	21.93963536615867	2500.0	0.0
5697	497.18	23.01233582233668	2500.0	0.0
5706	496.2	23.686029637742163	2500.0	0.0
5715	495.26	23.16988562768492	2500.0	0.0
5724	494.7	22.35231531631567	2500.0	0.0
5733	494.79	21.05417060821917	2500.0	0.0
5742	493.93	20.471089370133676	2500.0	0.0
5751	493.5	19.876870981117726	2500.0	0.0
5760	493.86	19.273287213135177	2500.0	0.0
5769	494.59	19.13983542248992	2500.0	0.0
5778	496.41	19.965327445348855	2500.0	0.0
5787	495.84	19.31234838128185	2500.0	0.0
5796	495.09	18.827556931264343	2500.0	0.0
5805	494.84	18.642542745022745	2500.0	0.0
5814	495.01	18.675205487490626	2500.0	0.0
5823	494.11	19.05832888791669	2500.0	0.0
5832	494.81	19.53325113748349	2500.0	0.0
5841	495.09	18.470850007511835	2500.0	0.0
5850	495.71	18.92263987925575	2500.0	0.0
5859	496.76	18.60936323467302	2500.0	0.0
5868	496.51	18.82936270828092	2500.0	0.0
5877	496.74	19.737851960129813	2500.0	0.0
5886	497.44	20.634980009682586	2500.0	0.0
5895	497.57	21.63338392392646	2500.0	0.0
5904	496.48	21.864885090025055	2500.0	0.0
5913	496.75	20.884503824606416	2500.0	0.0
5922	496.86	20.816330128050907	2500.0	0.0
5931	497.73	22.16342256963035	2500.0	0.0
5940	499.02	23.477248561106986	2500.0	0.0
5949	497.9	23.29021253660001	2500.0	0.0
5958	498.69	23.370367990256387	2500.0	0.0
5967	497.75	23.022977652771154	2500.0	0.0
5976	497.45	23.16889078052724	2500.0	0.0
5985	496.02	22.680661366018406	2500.0	0.0
5994	497.03	22.03859569028843	2500.0	0.0
6003	496.27	20.889392044767597	2500.0	0.0
6012	497.76	20.211313663391596	2500.0	0.0
6021	497.53	19.125775801258364	2500.0	0.0
6030	498.26	19.2515453925133	2500.0	0.0
6039	499.4	18.94708420839471	2500.0	0.0
6048	498.38	19.73525778904344	2500.0	0.0
6057	498.2	19.0569672298611	2500.0	0.0
6066	496.49	20.40892206854639	2500.0	0.0
6075	496.82	19.410275629160967	2500.0	0.0
6084	497.22	19.35529901603176	2500.0	0.0
6093	497.52	19.13221367223354	2500.0	0.0
6102	497.52	19.217949942696805	2500.0	0.0
6111	497.26	19.06770043817555	2500.0	0.0
6120	498.35	18.364109017319628	2500.0	0.0
6129	498.27	18.381890544772585	2500.0	0.0
6138	499.08	20.343873770744846	2500.0	0.0
6147	498.89	21.648780566119658	2500.0	0.0
6156	497.55	21.91605575827914	2500.0	0.0
6165	498.49	22.429246532150835	2500.0	0.0
6174	498.46	22.612182557196903	2500.0	0.0
6183	498.53	22.001211330288157	2500.0	0.0
6192	496.56	21.090519197023102	2500.0	0.0
6201	495.86	21.927526080249002	2500.0	0.0
6210	494.86	22.11380564262967	2500.0	0.0
6219	496.05	21.849862699797452	2500.0	0.0
6228	496.35	20.993272731996793	2500.0	0.0
6237	498.24	21.16033081026854	2500.0	0.0
6246	497.56	19.914939116150975	2500.0	0.0
6255	497.68	19.291469617424177	2500.0	0.0
6264	497.75	18.012287472722612	2500.0	0.0
6273	497.57	18.091431673585145	2500.0	0.0
6282	496.79	18.53411718965864	2500.0	0.0
6291	497.79	18.328827021934604	2500.0	0.0
6300	497.36	17.894434889093308	2500.0	0.0
6309	497.75	18.66715029135406	2500.0	0.0
6318	497.69	18.30385478526313	2500.0	0.0
6327	497.58	18.60822398833376	2500.0	0.0
6336	497.54	18.89140545327425	2500.0	0.0
6345	496.95	19.571318300002176	2500.0	0.0
6354	497.19	18.46686492071678	2500.0	0.0
6363	498.19	18.262910501888793	2500.0	0.0
6372	498.16	17.891752289812192	2500.0	0.0
6381	498.31	17.330230812080952	2500.0	0.0
6390	497.59	17.809893318040963	2500.0	0.0
6399	496.41	18.874170180434422	2500.0	0.0
6408	497.81	19.81014639017087	2500.0	0.0
6417	498.87	19.58462407093891	2500.0	0.0
6426	499.44	19.9263142602941	2500.0	0.0
6435	499.38	19.13034239108124	2500.0	0.0
6444	500.13	19.139960815006916	2500.0	0.0
6453	500.01	18.616323482363537	2500.0	0.0
6462	499.97	18.097278800968947	2500.0	0.0
6471	499.35	18.949234813047198	2500.0	0.0
6480	499.17	19.07930554291744	2500.0	0.0
6489	500.21	19.113416753683794	2500.0	0.0
6498	500.6	18.778125572058567	2500.0	0.0
6507	499.89	19.221448956829445	2500.0	0.0
6516	499.31	19.141428891281866	2500.0	0.0
6525	498.53	19.127004470120255	2500.0	0.0
6534	498.13	19.340349014430945	2500.0	0.0
6543	498.24	18.368592760470246	2500.0	0.0
6552	498.83	18.4561778274918	2500.0	0.0
6561	498.94	18.950282319796713	2500.0	0.0
6570	499.26	21.118210151430922	2500.0	0.0
6579	499.33	21.158386044308767	2500.0	0.0
6588	499.47	21.454153444030368	2500.0	0.0
6597	498.72	21.127034813243426	2500.0	0.0
6606	498.07	20.287535582223875	2500.0	0.0
6615	499.59	20.439557235909	2500.0	0.0
6624	499.86	21.076403867832862	2500.0	0.0
6633	499.31	20.57043752573095	2500.0	0.0
6642	499.98	21.21798293900719	2500.0	0.0
6651	499.81	21.83594513640296	2500.0	0.0
6660	499.36	21.678939088433278	2500.0	0.0
6669	497.69	21.23297671076762	2500.0	0.0
6678	498.35	20.493645356548946	2500.0	0.0
6687	498.34	21.11084081698311	2500.0	0.0
6696	498.65	20.53291260391472	2500.0	0.0
6705	498.88	20.473895574609145	2500.0	0.0
6714	498.38	20.700135265258535	2500.0	0.0
6723	498.57	21.329127970922766	2500.0	0.0
6732	498.31	22.36588249991491	2500.0	0.0
6741	499.5	21.640009242142206	2500.0	0.0
6750	498.89	22.19328952634108	2500.0	0.0
6759	498.94	22.18018034191787	2500.0	0.0
6768	498.04	21.961930698369848	2500.0	0.0
6777	498.64	22.007689565240607	2500.0	0.0
6786	499.52	21.455181192429954	2500.0	0.0
6795	498.56	21.745601854168115	2500.0	0.0
6804	498.29	21.612942881523562	2500.0	0.0
6813	498.36	21.725809536125464	2500.0	0.0
6822	498.84	20.261312889346534	2500.0	0.0
6831	498.07	20.151607876296122	2500.0	0.0
6840	496.8	19.879084485961624	2500.0	0.0
6849	497.42	18.333150302116653	2500.0	0.0
6858	498.53	18.686243603249956	2500.0	0.0
6867	498.92	17.6295547306221	2500.0	0.0
6876	498.65	17.651812938052565	2500.0	0.0
6885	498.67	17.943463991102725	2500.0	0.0
6894	499.35	19.286355280352996	2500.0	0.0
6903	499.41	20.179967789865277	2500.0	0.0
6912	499.66	20.241650130362398	2500.0	0.0
6921	500.73	21.37309757615867	2500.0	0.0
6930	500.22	20.352326648322048	2500.0	0.0
6939	498.88	19.23765058420596	2500.0	0.0
6948	499.22	17.496891152430475	2500.0	0.0
6957	498.55	17.150524773312334	2500.0	0.0
6966	499.04	17.514782328079335	2500.0	0.0
6975	499.14	17.439277507970335	2500.0	0.0
6984	499.61	17.75616231058952	2500.0	0.0
6993	500.34	16.42470091051889	2500.0	0.0
7002	501.06	17.56424777780136	2500.0	0.0
7011	500.54	17.35703891797215	2500.0	0.0
7020	502.16	18.460032502679947	2500.0	0.0
7029	502.8	17.6636349599962	2500.0	0.0
7038	502.69	18.425311394926275	2500.0	0.0
7047	501.92	18.034600078737537	2500.0	0.0
7056	501.33	18.27516620991448	2500.0	0.0
7065	501.31	16.80302056179186	2500.0	0.0
7074	500.97	17.77946849599278	2500.0	0.0
7083	500.53	17.03533680324519	2500.0	0.0
7092	500.96	16.993351641156607	2500.0	0.0
7101	499.86	17.10989187575421	2500.0	0.0
7110	498.18	16.477342018663084	2500.0	0.0
7119	497.37	16.903955158482887	2500.0	0.0
7128	498.36	16.24109602212856	2500.0	0.0
7137	497.98	16.309960147100302	2500.0	0.0
7146	497.17	16.402917423434157	2500.0	0.0
7155	498.18	17.599465900986882	2500.0	0.0
7164	498.75	18.87889032755898	2500.0	0.0
7173	500.24	19.981681610915533	2500.0	0.0
7182	500.68	20.206830528313937	2500.0	0.0
7191	500.0	20.263267258761605	2500.0	0.0
7200	499.64	20.05217195218513	2500.0	0.0
7209	499.24	18.752877112592614	2500.0	0.0
7218	498.81	18.686553989433143	2500.0	0.0
7227	499.59	18.70300243276463	2500.0	0.0
7236	499.61	19.770237732510953	2500.0	0.0
7245	499.08	19.855951248932897	2500.0	0.0
7254	498.45	19.195064469805775	2500.0	0.0
7263	497.58	19.369677333399235	2500.0	0.0
7272	497.88	19.335294153438678	2500.0	0.0
7281	498.74	19.238118411112872	2500.0	0.0
7290	498.39	19.05872241258579	2500.0	0.0
7299	498.43	18.943587305470952	2500.0	0.0
7308	499.13	19.81855443769802	2500.0	0.0
7317	499.12	20.150265506935625	2500.0	0.0
7326	499.33	20.437458256838106	2500.0	0.0
7335	499.51	20.893384120338187	2500.0	0.0
7344	499.07	21.41876513714084	2500.0	0.0
7353	499.76	21.72282670372343	2500.0	0.0
7362	499.95	21.385941643986595	2500.0	0.0
7371	500.58	20.25300965288863	2500.0	0.0
7380	500.16	21.843992309099544	2500.0	0.0
7389	498.97	21.102381382204236	2500.0	0.0
7398	497.93	20.945899360017943	2500.0	0.0
7407	498.07	19.796583038494294	2500.0	0.0
7416	498.27	20.50329485716868	2500.0	0.0
7425	497.6	18.802818937595504	2500.0	0.0
7434	497.07	19.525391161254618	2500.0	0.0
7443	497.69	19.04073265397107	2500.0	0.0
7452	497.27	18.780583058041618	2500.0	0.0
7461	497.12	18.90554416037793	2500.0	0.0
7470	497.22	18.582131201775532	2500.0	0.0
7479	496.27	18.557858173830294	2500.0	0.0
7488	495.76	18.47639575241881	2500.0	0.0
7497	495.71	18.253900952947017	2500.0	0.0
7506	495.74	18.137993273788588	2500.0	0.0
7515	495.32	18.36270132632996	2500.0	0.0
7524	495.14	19.051771571168914	2500.0	0.0
7533	494.96	18.612168062856085	2500.0	0.0
7542	495.05	18.774623831118426	2500.0	0.0
7551	494.7	18.986574203894705	2500.0	0.0
7560	495.47	17.73310181553132	2500.0	0.0
7569	495.81	16.178525890822065	2500.0	0.0
7578	497.19	18.43361874402311	2500.0	0.0
7587	497.28	18.7691768599478	2500.0	0.0
7596	498.3	18.81706672146326	2500.0	0.0
7605	496.72	19.38830575372691	2500.0	0.0
7614	496.65	18.81133966521257	2500.0	0.0
7623	497.78	19.68309934944189	2500.0	0.0
7632	497.62	20.694859265044542	2500.0	0.0
7641	498.25	20.693296015859822	2500.0	0.0
7650	498.24	21.507384778256977	2500.0	0.0
7659	499.44	20.478828091470472	2500.0	0.0
7668	498.93	21.12691411446546	2500.0	0.0
7677	500.54	20.783098902714197	2500.0	0.0
7686	499.9	21.793072293735914	2500.0	0.0
7695	499.97	22.477875789317814	2500.0	0.0
7704	500.0	21.28356173200341	2500.0	0.0
7713	500.0	21.19811312357777	2500.0	0.0
7722	500.1	20.20173259896289	2500.0	0.0
7731	499.07	20.25267636634724	2500.0	0.0
7740	500.63	19.620874088582294	2500.0	0.0
7749	499.94	20.184380099472957	2500.0	0.0
7758	499.33	21.06343989000847	2500.0	0.0
7767	499.32	21.86964105786832	2500.0	0.0
7776	498.14	22.391739548324512	2500.0	0.0
7785	498.43	22.404117925060117	2500.0	0.0
7794	498.7	22.053525795210152	2500.0	0.0
7803	498.72	21.49117027990798	2500.0	0.0
7812	498.63	21.250639990362647	2500.0	0.0
7821	498.66	20.62265744272547	2500.0	0.0
7830	499.08	20.914607335544215	2500.0	0.0
7839	499.7	20.881522932966362	2500.0	0.0
7848	499.69	21.664489377781333	2500.0	0.0
7857	500.21	22.27743926038179	2500.0	0.0
7866	501.9	21.503069548322635	2500.0	0.0
7875	503.47	21.269576864620518	2500.0	0.0
7884	503.31	20.69093279675907	2500.0	0.0
7893	502.11	20.34192468769855	2500.0	0.0
7902	501.73	21.00148328094946	2500.0	0.0
7911	502.16	20.40593051051581	2500.0	0.0
7920	502.46	21.22697340649391	2500.0	0.0
7929	501.03	21.4101214382357	2500.0	0.0
7938	501.34	21.383292543478895	2500.0	0.0
7947	500.68	20.75138549591328	2500.0	0.0
7956	500.8	20.59786396692628	2500.0	0.0
7965	500.38	20.054336189462866	2500.0	0.0
7974	501.75	19.873915064727434	2500.0	0.0
7983	502.85	18.951451131773524	2500.0	0.0
7992	503.01	19.263776888242862	2500.0	0.0
8001	503.41	17.103505488641794	2500.0	0.0
8010	503.67	17.547350227313522	2500.0	0.0
8019	503.49	17.922430080767512	2500.0	0.0
8028	503.09	17.978039381423102	2500.0	0.0
8037	503.07	18.14889252819576	2500.0	0.0
8046	502.49	17.990038910463763	2500.0	0.0
8055	500.96	17.695502253397613	2500.0	0.0
8064	500.52	17.73843285073402	2500.0	0.0
8073	500.43	17.872260629254484	2500.0	0.0
8082	500.08	18.33214662825933	2500.0	0.0
8091	500.66	18.143042743707575	2500.0	0.0
8100	501.3	19.07915092450395	2500.0	0.0
8109	502.24	18.204219291142373	2500.0	0.0
8118	501.81	18.09937291731401	2500.0	0.0
8127	501.6	18.170800752856213	2500.0	0.0
8136	502.33	17.332423373550508	2500.0	0.0
8145	502.19	17.99779708742156	2500.0	0.0
8154	501.28	19.620958182514947	2500.0	0.0
8163	501.09	19.39323851243005	2500.0	0.0
8172	501.7	20.63235323466521	2500.0	0.0
8181	501.93	18.87333833745371	2500.0	0.0
8190	501.23	19.487819272561005	2500.0	0.0
8199	501.84	19.789118221891542	2500.0	0.0
8208	501.85	20.20382389549067	2500.0	0.0
8217	502.38	20.303901102990036	2500.0	0.0
8226	503.3	20.99766653702264	2500.0	0.0
8235	503.1	21.136934498644784	2500.0	0.0
8244	502.29	20.785237549761128	2500.0	0.0
8253	501.8	21.282528045323936	2500.0	0.0
8262	503.15	22.00187492010624	2500.0	0.0
8271	502.27	21.662915316272638	2500.0	0.0
8280	502.2	19.978037941699885	2500.0	0.0
8289	502.1	20.71931466048045	2500.0	0.0
8298	501.64	21.010511654883615	2500.0	0.0
8307	501.85	20.433660954415387	2500.0	0.0
8316	502.38	20.911441844119693	2500.0	0.0
8325	502.73	21.579575992127367	2500.0	0.0
8334	502.08	21.69100274307299	2500.0	0.0
8343	501.78	20.796720895371937	2500.0	0.0
8352	500.56	18.84940317357555	2500.0	0.0
8361	501.76	18.129710422397817	2500.0	0.0
8370	500.61	18.78895686300865	2500.0	0.0
8379	501.51	19.51891134259286	2500.0	0.0
8388	501.18	20.078814706052746	2500.0	0.0
8397	501.11	20.332547799033943	2500.0	0.0
8406	502.69	21.566972434720643	2500.0	0.0
8415	503.5	19.87133614028005	2500.0	0.0
8424	503.75	19.33578289079602	2500.0	0.0
8433	504.67	18.684054699127813	2500.0	0.0
8442	504.79	19.098573245140592	2500.0	0.0
8451	504.63	19.609984701676847	2500.0	0.0
8460	504.3	19.427351852478505	2500.0	0.0
8469	504.52	18.449888888554316	2500.0	0.0
8478	504.9	18.005943463201255	2500.0	0.0
8487	505.19	17.8105053269131	2500.0	0.0
8496	503.75	17.937321427682562	2500.0	0.0
8505	502.72	18.48156919744641	2500.0	0.0
8514	502.67	17.42596051872034	2500.0	0.0
8523	502.54	17.352751943135704	2500.0	0.0
8532	502.59	18.876199299647165	2500.0	0.0
8541	501.77	19.735103242699292	2500.0	0.0
8550	501.73	19.282082356426123	2500.0	0.0
8559	500.5	20.9267771049438	2500.0	0.0
8568	500.69	20.728388745872174	2500.0	0.0
8577	500.72	18.68836001365556	2500.0	0.0
8586	500.26	19.2523557000176	2500.0	0.0
8595	500.98	19.10839606037096	2500.0	0.0
8604	501.19	19.116058694197395	2500.0	0.0
8613	500.42	18.765574864629112	2500.0	0.0
8622	500.88	19.077085731316508	2500.0	0.0
8631	499.8	20.47222508668757	2500.0	0.0
8640	499.35	19.74189707196348	2500.0	0.0
8649	499.07	19.535247630885046	2500.0	0.0
8658	498.14	19.427043007107386	2500.0	0.0
8667	497.88	19.903467034665088	2500.0	0.0
8676	497.55	20.846930229652518	2500.0	0.0
8685	498.0	21.2082531105228	2500.0	0.0
8694	497.36	19.853704943914117	2500.0	0.0
8703	498.77	20.04990024912842	2500.0	0.0
8712	499.12	20.584936239881824	2500.0	0.0
8721	498.46	21.493747928176703	2500.0	0.0
8730	498.82	20.9656385545492	2500.0	0.0
8739	498.56	22.479661919165956	2500.0	0.0
8748	497.49	22.158774785623866	2500.0	0.0
8757	497.89	21.159629013761087	2500.0	0.0
8766	497.95	20.66353067604856	2500.0	0.0
8775	498.15	21.812095268451394	2500.0	0.0
8784	498.23	21.644719910407712	2500.0	0.0
8793	498.1	21.824619126115355	2500.0	0.0
8802	498.14	21.030254396939664	2500.0	0.0
8811	497.81	20.260535530928095	2500.0	0.0
8820	498.13	20.640162305563393	2500.0	0.0
8829	498.5	19.710149669649898	2500.0	0.0
8838	498.49	19.118318440699753	2500.0	0.0
8847	497.4	20.23358594021337	2500.0	0.0
8856	498.03	19.13104544973954	2500.0	0.0
8865	498.13	19.15461041107336	2500.0	0.0
8874	497.71	18.84169578355409	2500.0	0.0
8883	498.59	19.38247404228882	2500.0	0.0
8892	499.89	19.128823800746346	2500.0	0.0
8901	498.65	18.76314206096623	2500.0	0.0
8910	499.38	18.58925496086382	2500.0	0.0
8919	498.58	18.584821764009472	2500.0	0.0
8928	498.88	18.108384798208814	2500.0	0.0
8937	499.49	17.6736442195717	2500.0	0.0
8946	500.17	18.555654124821363	2500.0	0.0
8955	499.21	18.96161121845926	2500.0	0.0
8964	499.15	19.78002780584497	2500.0	0.0
8973	500.35	19.999687497558565	2500.0	0.0
8982	499.71	19.58563504204038	2500.0	0.0
8991	497.82	19.646322811152217	2500.0	0.0
9000	497.33	20.160548107628422	2500.0	0.0
9009	498.38	19.227677966930905	2500.0	0.0
9018	497.51	17.41242372560466	2500.0	0.0
9027	498.81	17.00352610489954	2500.0	0.0
9036	500.02	17.64137182874394	2500.0	0.0
9045	500.38	17.167096434749823	2500.0	0.0
9054	500.89	18.44656336557029	2500.0	0.0
9063	501.15	19.018030918052474	2500.0	0.0
9072	500.17	18.266578771078066	2500.0	0.0
9081	499.19	18.120747777064828	2500.0	0.0
9090	498.74	17.368258404342104	2500.0	0.0
9099	498.48	17.466539439740203	2500.0	0.0
9108	498.37	17.614814787558792	2500.0	0.0
9117	498.18	17.636586971406913	2500.0	0.0
9126	499.06	16.92105197675369	2500.0	0.0
9135	498.38	17.825790305060806	2500.0	0.0
9144	496.94	17.35537956945915	2500.0	0.0
9153	496.58	18.26543183174162	2500.0	0.0
9162	496.96	18.355598600971856	2500.0	0.0
9171	498.33	18.17017611362091	2500.0	0.0
