0 1 
1 1.00818927617414 
2 1.01644534712979 
3 1.02476875323743 
4 1.0331600391662 
5 1.0416197539169 
6 1.05014845085522 
7 1.05874668774521 
8 1.06741502678299 
9 1.07615403463063 
10 1.08496428245038 
11 1.09384634593906 
12 1.10280080536271 
13 1.11182824559148 
14 1.12092925613482 
15 1.13010443117677 
16 1.1393543696117 
17 1.1486796750801 
18 1.15808095600477 
19 1.16755882562716 
20 1.17711390204401 
21 1.18674680824426 
22 1.19645817214613 
23 1.20624862663458 
24 1.21611880959891 
25 1.22606936397068 
26 1.23610093776189 
27 1.24621418410341 
28 1.25640976128365 
29 1.26668833278752 
30 1.27705056733566 
31 1.28749713892392 
32 1.29802872686311 
33 1.30864601581901 
34 1.31934969585267 
35 1.330140462461 
36 1.34101901661753 
37 1.3519860648136 
38 1.36304231909968 
39 1.37418849712705 
40 1.38542532218977 
41 1.39675352326683 
42 1.40817383506469 
43 1.41968699806005 
44 1.43129375854289 
45 1.44299486865982 
46 1.45479108645773 
47 1.46668317592766 
48 1.47867190704904 
49 1.49075805583415 
50 1.50294240437291 
51 1.51522574087797 
52 1.52760885973 
53 1.54009256152345 
54 1.55267765311241 
55 1.56536494765688 
56 1.57815526466935 
57 1.59104943006157 
58 1.60404827619174 
59 1.61715264191193 
60 1.63036337261582 
61 1.64368132028673 
62 1.65710734354598 
63 1.67064230770152 
64 1.68428708479691 
65 1.69804255366054 
66 1.71190959995525 
67 1.72588911622814 
68 1.73998200196081 
69 1.75418916361984 
70 1.76851151470757 
71 1.78294997581324 
72 1.79750547466444 
73 1.8121789461788 
74 1.82697133251612 
75 1.84188358313068 
76 1.85691665482397 
77 1.87207151179769 
78 1.88734912570709 
79 1.90275047571459 
80 1.91827654854376 
81 1.93392833853361 
82 1.9497068476932 
83 1.96561308575657 
84 1.98164807023798 
85 1.99781282648749 
86 2.01410838774686 
87 2.0305357952058 
88 2.04709609805847 
89 2.06379035356039 
90 2.08061962708563 
91 2.09758499218433 
92 2.11468753064056 
93 2.13192833253052 
94 2.14930849628101 
95 2.1668291287283 
96 2.18449134517728 
97 2.20229626946095 
98 2.22024503400028 
99 2.23833877986431 
100 2.25657865683065 
101 2.27496582344635 
102 2.29350144708894 
103 2.31218670402798 
104 2.33102277948684 
105 2.35001086770483 
106 2.36915217199967 
107 2.38844790483025 
108 2.40789928785981 
109 2.42750755201935 
110 2.44727393757142 
111 2.46719969417422 
112 2.48728608094609 
113 2.50753436653022 
114 2.52794582915976 
115 2.54852175672328 
116 2.56926344683049 
117 2.59017220687832 
118 2.61124935411735 
119 2.63249621571852 
120 2.6539141288402 
121 2.67550444069555 
122 2.69726850862026 
123 2.71920770014056 
124 2.74132339304157 
125 2.76361697543597 
126 2.786089845833 
127 2.80874341320775 
128 2.83157909707082 
129 2.85459832753825 
130 2.87780254540177 
131 2.90119320219939 
132 2.92477176028628 
133 2.94853969290597 
134 2.97249848426186 
135 2.99664962958905 
136 3.02099463522641 
137 3.04553501868909 
138 3.07027230874119 
139 3.09520804546881 
140 3.12034378035337 
141 3.14568107634529 
142 3.17122150793782 
143 3.19696666124135 
144 3.22291813405787 
145 3.24907753595576 
146 3.27544648834489 
147 3.30202662455198 
148 3.32881958989623 
149 3.35582704176527 
150 3.38305064969133 
151 3.41049209542772 
152 3.4381530730256 
153 3.4660352889109 
154 3.49414046196169 
155 3.52247032358564 
156 3.55102661779784 
157 3.5798111012988 
158 3.60882554355277 
159 3.63807172686626 
160 3.6675514464668 
161 3.69726651058199 
162 3.72721874051867 
163 3.75740997074248 
164 3.78784204895751 
165 3.81851683618621 
166 3.84943620684958 
167 3.88060204884747 
168 3.91201626363914 
169 3.94368076632404 
170 3.97559748572275 
171 4.00776836445815 
172 4.04019535903671 
173 4.07288043993004 
174 4.10582559165659 
175 4.13903281286349 
176 4.17250411640856 
177 4.20624152944255 
178 4.24024709349144 
179 4.27452286453891 
180 4.30907091310901 
181 4.3438933243489 
182 4.3789921981117 
183 4.41436964903955 
184 4.4500278066467 
185 4.48596881540271 
186 4.52219483481584 
187 4.55870803951638 
188 4.59551061934023 
189 4.63260477941241 
190 4.66999274023072 
191 4.70767673774945 
192 4.74565902346312 
193 4.7839418644903 
194 4.82252754365739 
195 4.86141835958252 
196 4.90061662675941 
197 4.94012467564123 
198 4.97994485272448 
199 5.02007952063287 
200 5.06053105820116 
201 5.10130186055894 
202 5.14239433921445 
203 5.18381092213824 
204 5.22555405384686 
205 5.26762619548643 
206 5.31002982491613 
207 5.35276743679161 
208 5.39584154264828 
209 5.43925467098446 
210 5.48300936734446 
211 5.52710819440144 
212 5.57155373204018 
213 5.61634857743966 
214 5.66149534515543 
215 5.70699666720182 
216 5.75285519313395 
217 5.79907359012951 
218 5.84565454307025 
219 5.89260075462332 
220 5.93991494532229 
221 5.9875998536479 
222 6.03565823610851 
223 6.08409286732027 
224 6.13290654008694 
225 6.18210206547939 
226 6.23168227291476 
227 6.28165001023518 
228 6.33200814378622 
229 6.38275955849485 
230 6.43390715794699 
231 6.48545386446465 
232 6.53740261918261 
233 6.58975638212463 
234 6.64251813227916 
235 6.69569086767454 
236 6.74927760545368 
237 6.80328138194821 
238 6.85770525275206 
239 6.9125522927944 
240 6.96782559641208 
241 7.02352827742138 
242 7.07966346918907 
243 7.13623432470296 
244 7.19324401664157 
245 7.25069573744326 
246 7.3085926993745 
247 7.36693813459749 
248 7.42573529523698 
249 7.48498745344621 
250 7.54469790147217 
251 7.60486995171991 
252 7.66550693681604 
253 7.72661220967132 
254 7.78818914354232 
255 7.85024113209219 
256 7.91277158945041 
257 7.97578395027159 
258 8.03928166979323 
259 8.10326822389246 
260 8.16774710914171 
261 8.23272184286325 
262 8.29819596318268 
263 8.36417302908116 
264 8.43065662044662 
265 8.49765033812361 
266 8.565157803962 
267 8.6331826608644 
268 8.70172857283231 
269 8.77079922501088 
270 8.84039832373242 
271 8.91052959655842 
272 8.98119679232025 
273 9.05240368115837 
274 9.12415405456002 
275 9.19645172539555 
276 9.26930052795301 
277 9.34270431797133 
278 9.41666697267182 
279 9.49119239078804 
280 9.56628449259401 
281 9.64194721993069 
282 9.71818453623074 
283 9.7950004265415 
284 9.87239889754616 
285 9.95038397758303 
286 10.028959716663 
287 10.1081301864852 
288 10.1878994804501 
289 10.2682717136716 
290 10.3492510229863 
291 10.4308415669609 
292 10.5130475258977 
293 10.5958731018376 
294 10.6793225185614 
295 10.7634000215882 
296 10.8481098781723 
297 10.933456377297 
298 11.019443829667 
299 11.1060765676971 
300 11.1933589455002 
301 11.2812953388711 
302 11.3698901452687 
303 11.4591477837958 
304 11.5490726951758 
305 11.6396693417268 
306 11.7309422073335 
307 11.8228957974159 
308 11.9155346388951 
309 12.0088632801571 
310 12.1028862910124 
311 12.1976082626544 
312 12.2930338076132 
313 12.3891675597075 
314 12.4860141739927 
315 12.5835783267067 
316 12.6818647152119 
317 12.7808780579344 
318 12.8806230942995 
319 12.9811045846646 
320 13.0823273102483 
321 13.1842960730561 
322 13.2870156958029 
323 13.390491021832 
324 13.4947269150303 
325 13.5997282597404 
326 13.7054999606686 
327 13.8120469427895 
328 13.9193741512469 
329 14.0274865512508 
330 14.1363891279706 
331 14.2460868864245 
332 14.356584851365 
333 14.4678880671601 
334 14.5800015976711 
335 14.6929305261259 
336 14.8066799549881 
337 14.9212550058222 
338 15.0366608191544 
339 15.1529025543292 
340 15.2699853893618 
341 15.3879145207856 
342 15.5066951634963 
343 15.6263325505901 
344 15.7468319331987 
345 15.868198580319 
346 15.9904377786385 
347 16.1135548323552 
348 16.2375550629945 
349 16.3624438092192 
350 16.4882264266363 
351 16.6149082875983 
352 16.7424947809993 
353 16.8709913120667 
354 17.0004033021472 
355 17.1307361884887 
356 17.2619954240159 
357 17.3941864771015 
358 17.5273148313321 
359 17.6613859852684 
360 17.7964054522006 
361 17.9323787598982 
362 18.0693114503542 
363 18.207209079524 
364 18.3460772170592 
365 18.485921446035 
366 18.6267473626727 
367 18.7685605760565 
368 18.9113667078439 
369 19.0551713919716 
370 19.1999802743543 
371 19.3457990125787 
372 19.4926332755915 
373 19.6404887433808 
374 19.7893711066522 
375 19.9392860664992 
376 20.0902393340669 
377 20.2422366302096 
378 20.3952836851437 
379 20.5493862380924 
380 20.7045500369259 
381 20.8607808377949 
382 21.0180844047579 
383 21.1764665094017 
384 21.3359329304568 
385 21.4964894534058 
386 21.6581418700852 
387 21.8208959782816 
388 21.9847575813209 
389 22.1497324876518 
390 22.315826510422 
391 22.4830454670488 
392 22.6513951787829 
393 22.8208814702656 
394 22.9915101690799 
395 23.1632871052948 
396 23.3362181110035 
397 23.5103090198545 
398 23.685565666577 
399 23.8619938864986 
400 24.0395995150583 
401 24.218388387311 
402 24.3983663374269 
403 24.5795391981838 
404 24.7619128004531 
405 24.9454929726793 
406 25.1302855403526 
407 25.316296325476 
408 25.5035311460248 
409 25.6919958154007 
410 25.8816961418788 
411 26.0726379280486 
412 26.2648269702481 
413 26.4582690579926 
414 26.6529699733961 
415 26.8489354905872 
416 27.0461713751185 
417 27.2446833833694 
418 27.4444772619439 
419 27.6455587470612 
420 27.8479335639405 
421 28.0516074261805 
422 28.2565860351319 
423 28.4628750792653 
424 28.6704802335319 
425 28.8794071587195 
426 29.0896615008026 
427 29.3012488902866 
428 29.5141749415469 
429 29.7284452521623 
430 29.9440654022433 
431 30.1610409537546 
432 30.3793774498335 
433 30.599080414102 
434 30.8201553499748 
435 31.0426077399623 
436 31.2664430449685 
437 31.4916667035847 
438 31.7182841313787 
439 31.9463007201792 
440 32.1757218373562 
441 32.4065528250976 
442 32.6387989996812 
443 32.8724656507433 
444 33.1075580405437 
445 33.3440814032268 
446 33.5820409440793 
447 33.8214418387852 
448 34.0622892326772 
449 34.3045882399858 
450 34.5483439430848 
451 34.793561391735 
452 35.0402456023259 
453 35.2884015571139 
454 35.53803420346 
455 35.7891484530651 
456 36.0417491812036 
457 36.295841225956 
458 36.5514293874404 
459 36.8085184270431 
460 37.0671130666481 
461 37.3272179878671 
462 37.5888378312683 
463 37.8519771956064 
464 38.1166406370516 
465 38.3828326684204 
466 38.6505577584066 
467 38.9198203308136 
468 39.190624763788 
469 39.4629753890549 
470 39.7368764911554 
471 40.0123323066858 
472 40.2893470235401 
473 40.5679247801547 
474 40.8480696647565 
475 41.1297857146144 
476 41.4130769152952 
477 41.6979471999222 
478 41.98440044844 
479 42.2724404868829 
480 42.5620710866484 
481 42.8532959637773 
482 43.1461187782382 
483 43.4405431332191 
484 43.7365725744256 
485 44.0342105893852 
486 44.3334606067599 
487 44.6343259956659 
488 44.9368100650013 
489 45.2409160627825 
490 45.5466471754896 
491 45.8540065274207 
492 46.1629971800558 
493 46.4736221314313 
494 46.7858843155243 
495 47.0997866016482 
496 47.4153317938596 
497 47.7325226303769 
498 48.051361783011 
499 48.3718518566085 
500 48.6939953885082 
501 49.0177948480112 
502 49.3432526358645 
503 49.6703710837592 
504 49.9991524538435 
505 50.3295989382512 
506 50.6617126586458 
507 50.9954956657806 
508 51.3309499390758 
509 51.6680773862125 
510 52.0068798427445 
511 52.3473590717281 
512 52.6895167633702 
513 53.033354534696 
514 53.3788739292355 
515 53.7260764167305 
516 54.0749633928615 
517 54.4255361789965 
518 54.7777960219595 
519 55.1317440938229 
520 55.4873814917203 
521 55.8447092376837 
522 56.2037282785029 
523 56.564439485609 
524 56.926843654982 
525 57.2909415070838 
526 57.6567336868148 
527 58.0242207634976 
528 58.3934032308862 
529 58.7642815072013 
530 59.1368559351931 
531 59.5111267822313 
532 59.8870942404227 
533 60.264758426758 
534 60.6441193832855 
535 61.0251770773159 
536 61.4079314016555 
537 61.7923821748693 
538 62.178529141575 
539 62.5663719727674 
540 62.9559102661737 
541 63.347143546641 
542 63.740071266555 
543 64.134692806291 
544 64.5310074746979 
545 64.9290145096145 
546 65.3287130784195 
547 65.7301022786151 
548 66.1331811384436 
549 66.5379486175394 
550 66.9444036076145 
551 67.3525449331788 
552 67.7623713522958 
553 68.1738815573727 
554 68.5870741759867 
555 69.0019477717459 
556 69.4185008451873 
557 69.8367318347092 
558 70.2566391175408 
559 70.6782210107477 
560 71.1014757722735 
561 71.5264016020182 
562 71.9529966429526 
563 72.3812589822701 
564 72.8111866525742 
565 73.2427776331031 
566 73.6760298509911 
567 74.1109411825659 
568 74.5475094546834 
569 74.985732446098 
570 75.42560788887 
571 75.8671334698086 
572 76.3103068319522 
573 76.7551255760827 
574 77.2015872622777 
575 77.6496894114964 
576 78.0994295072023 
577 78.5508049970196 
578 79.0038132944248 
579 79.4584517804734 
580 79.9147178055593 
581 80.3726086912088 
582 80.8321217319073 
583 81.293254196959 
584 81.7560033323788 
585 82.2203663628161 
586 82.6863404935096 
587 83.1539229122733 
588 83.6231107915115 
589 84.0939012902646 
590 84.5662915562827 
591 85.0402787281281 
592 85.515859937304 
593 85.9930323104113 
594 86.4717929713297 
595 86.9521390434252 
596 87.4340676517809 
597 87.9175759254512 
598 88.4026609997381 
599 88.8893200184899 
600 89.3775501364189 
601 89.8673485214395 
602 90.358712357024 
603 90.8516388445761 
604 91.34612520582 
605 91.8421686852052 
606 92.3397665523239 
607 92.8389161043421 
608 93.3396146684416 
609 93.8418596042715 
610 94.3456483064091 
611 94.8509782068277 
612 95.3578467773707 
613 95.8662515322298 
614 96.3761900304267 
615 96.8876598782966 
616 97.4006587319706 
617 97.9151842998587 
618 98.4312343451281 
619 98.948806688178 
620 99.4678992091074 
621 99.9885098501761 
622 100.510636618255 
623 101.034277587267 
624 101.559430900613 
625 102.086094773585 
626 102.61426749576 
627 103.14394743338 
628 103.675133031711 
629 104.207822817374 
630 104.742015400663 
631 105.277709477827 
632 105.814903833332 
633 106.353597342091 
634 106.893788971662 
635 107.435477784414 
636 107.978662939659 
637 108.523343695741 
638 109.069519412097 
639 109.617189551266 
640 110.16635368086 
641 110.717011475493 
642 111.269162718657 
643 111.822807304552 
644 112.377945239865 
645 112.934576645499 
646 113.49270175824 
647 114.052320932377 
648 114.61343464125 
649 115.176043478754 
650 115.740148160763 
651 116.305749526503 
652 116.872848539852 
653 117.441446290568 
654 118.011543995456 
655 118.583142999457 
656 119.156244776659 
657 119.73085093124 
658 120.306963198327 
659 120.884583444781 
660 121.463713669891 
661 122.044356005998 
662 122.626512719018 
663 123.210186208898 
664 123.795379009961 
665 124.382093791181 
666 124.970333356357 
667 125.560100644191 
668 126.151398728282 
669 126.744230817012 
670 127.338600253343 
671 127.934510514514 
672 128.531965211633 
673 129.130968089172 
674 129.731523024362 
675 130.333634026475 
676 130.937305236011 
677 131.542540923774 
678 132.149345489844 
679 132.757723462435 
680 133.367679496653 
681 133.979218373141 
682 134.59234499661 
683 135.207064394263 
684 135.823381714113 
685 136.441302223175 
686 137.06083130556 
687 137.68197446045 
688 138.304737299956 
689 138.929125546872 
690 139.555145032309 
691 140.182801693218 
692 140.812101569797 
693 141.443050802792 
694 142.075655630672 
695 142.709922386706 
696 143.345857495916 
697 143.983467471924 
698 144.622758913686 
699 145.263738502114 
700 145.90641299659 
701 146.550789231366 
702 147.196874111862 
703 147.844674610852 
704 148.494197764541 
705 149.145450668546 
706 149.79844047376 
707 150.453174382124 
708 151.109659642291 
709 151.767903545191 
710 152.427913419501 
711 153.089696627014 
712 153.753260557912 
713 154.418612625954 
714 155.085760263559 
715 155.754710916812 
716 156.42547204038 
717 157.098051092333 
718 157.772455528898 
719 158.44869279912 
720 159.126770339451 
721 159.806695568261 
722 160.488475880274 
723 161.172118640941 
724 161.857631180737 
725 162.545020789397 
726 163.234294710092 
727 163.925460133538 
728 164.618524192059 
729 165.31349395359 
730 166.010376415633 
731 166.709178499167 
732 167.409907042509 
733 168.112568795145 
734 168.817170411513 
735 169.52371844476 
736 170.232219340471 
737 170.94267943036 
738 171.655104925954 
739 172.369501912246 
740 173.085876341338 
741 173.80423402607 
742 174.524580633642 
743 175.246921679234 
744 175.97126251962 
745 176.697608346789 
746 177.425964181575 
747 178.156334867295 
748 178.888725063402 
749 179.623139239156 
750 180.359581667324 
751 181.098056417897 
752 181.838567351848 
753 182.581118114913 
754 183.325712131421 
755 184.072352598162 
756 184.8210424783 
757 185.571784495335 
758 186.324581127126 
759 187.079434599966 
760 187.836346882719 
761 188.595319681024 
762 189.356354431569 
763 190.119452296437 
764 190.884614157529 
765 191.651840611068 
766 192.421131962189 
767 193.192488219609 
768 193.965909090403 
769 194.741393974861 
770 195.518941961447 
771 196.298551821866 
772 197.080222006233 
773 197.863950638341 
774 198.649735511059 
775 199.437574081829 
776 200.227463468287 
777 201.019400444009 
778 201.813381434372 
779 202.609402512549 
780 203.407459395635 
781 204.207547440892 
782 205.00966164215 
783 205.813796626327 
784 206.619946650098 
785 207.428105596707 
786 208.238266972917 
787 209.050423906116 
788 209.864569141563 
789 210.680695039791 
790 211.498793574161 
791 212.31885632857 
792 213.140874495314 
793 213.964838873115 
794 214.790739865298 
795 215.618567478138 
796 216.448311319362 
797 217.279960596819 
798 218.113504117311 
799 218.948930285591 
800 219.786227103528 
801 220.625382169436 
802 221.466382677572 
803 222.309215417803 
804 223.15386677544 
805 224.000322731241 
806 224.848568861583 
807 225.698590338802 
808 226.550371931706 
809 227.403898006248 
810 228.259152526378 
811 229.116119055057 
812 229.97478075544 
813 230.835120392225 
814 231.69712033317 
815 232.560762550777 
816 233.426028624137 
817 234.292899740944 
818 235.161356699662 
819 236.031379911869 
820 236.902949404745 
821 237.776044823731 
822 238.650645435336 
823 239.526730130109 
824 240.404277425757 
825 241.283265470421 
826 242.163672046097 
827 243.045474572212 
828 243.928650109344 
829 244.813175363078 
830 245.699026688023 
831 246.586180091949 
832 247.474611240073 
833 248.364295459479 
834 249.255207743666 
835 250.147322757233 
836 251.040614840683 
837 251.935058015359 
838 252.830625988501 
839 253.727292158418 
840 254.625029619776 
841 255.523811169009 
842 256.423609309829 
843 257.324396258845 
844 258.226143951297 
845 259.128824046875 
846 260.032407935648 
847 260.936866744083 
848 261.842171341155 
849 262.748292344548 
850 263.655200126935 
851 264.56286482235 
852 265.471256332624 
853 266.38034433391 
854 267.290098283267 
855 268.200487425322 
856 269.111480798989 
857 270.023047244251 
858 270.935155409003 
859 271.847773755943 
860 272.760870569522 
861 273.674413962927 
862 274.588371885124 
863 275.50271212793 
864 276.417402333124 
865 277.332409999593 
866 278.247702490505 
867 279.163247040512 
868 280.079010762971 
869 280.994960657185 
870 281.911063615667 
871 282.827286431404 
872 283.743595805141 
873 284.659958352665 
874 285.576340612096 
875 286.492709051171 
876 287.409030074529 
877 288.325270030985 
878 289.241395220802 
879 290.157371902935 
880 291.073166302271 
881 291.988744616846 
882 292.904073025034 
883 293.819117692716 
884 294.733844780422 
885 295.648220450431 
886 296.562210873851 
887 297.475782237648 
888 298.388900751647 
889 299.301532655483 
890 300.213644225506 
891 301.125201781646 
892 302.036171694218 
893 302.946520390683 
894 303.856214362343 
895 304.765220170994 
896 305.673504455501 
897 306.581033938328 
898 307.487775431988 
899 308.393695845441 
900 309.298762190411 
901 310.202941587642 
902 311.106201273076 
903 312.008508603959 
904 312.909831064871 
905 313.810136273675 
906 314.709391987393 
907 315.607566107993 
908 316.504626688099 
909 317.400541936612 
910 318.295280224255 
911 319.188810089014 
912 320.081100241511 
913 320.972119570268 
914 321.861837146897 
915 322.750222231184 
916 323.637244276092 
917 324.522872932659 
918 325.407078054813 
919 326.289829704079 
920 327.171098154197 
921 328.050853895642 
922 328.929067640047 
923 329.805710324519 
924 330.680753115866 
925 331.554167414722 
926 332.425924859564 
927 333.295997330642 
928 334.164356953794 
929 335.030976104167 
930 335.89582740984 
931 336.758883755337 
932 337.62011828504 
933 338.47950440651 
934 339.337015793689 
935 340.192626390015 
936 341.046310411428 
937 341.898042349275 
938 342.747796973116 
939 343.595549333424 
940 344.441274764187 
941 345.284948885413 
942 346.126547605525 
943 346.966047123665 
944 347.803423931891 
945 348.638654817284 
946 349.471716863946 
947 350.302587454908 
948 351.131244273934 
949 351.957665307234 
950 352.781828845078 
951 353.603713483315 
952 354.423298124794 
953 355.240561980696 
954 356.055484571771 
955 356.86804572948 
956 357.67822559705 
957 358.486004630433 
958 359.291363599179 
959 360.09428358722 
960 360.894745993563 
961 361.692732532901 
962 362.488225236132 
963 363.281206450797 
964 364.071658841435 
965 364.859565389853 
966 365.644909395313 
967 366.42767447464 
968 367.207844562254 
969 367.985403910118 
970 368.760337087609 
971 369.532628981318 
972 370.302264794771 
973 371.069230048076 
974 371.8335105775 
975 372.595092534975 
976 373.353962387527 
977 374.110106916649 
978 374.863513217591 
979 375.614168698598 
980 376.362061080072 
981 377.107178393678 
982 377.849508981381 
983 378.589041494424 
984 379.325764892252 
985 380.059668441364 
986 380.790741714119 
987 381.518974587484 
988 382.24435724172 
989 382.966880159021 
990 383.686534122101 
991 384.403310212723 
992 385.117199810187 
993 385.828194589761 
994 386.536286521071 
995 387.241467866441 
996 387.94373117919 
997 388.643069301883 
998 389.339475364544 
999 390.032942782824 
1000 390.723465256129 
1001 391.411036765711 
1002 392.095651572724 
1003 392.777304216235 
1004 393.45598951121 
1005 394.13170254646 
1006 394.804438682553 
1007 395.474193549705 
1008 396.140963045623 
1009 396.804743333337 
1010 397.465530838988 
1011 398.123322249601 
1012 398.778114510828 
1013 399.429904824662 
1014 400.078690647133 
1015 400.724469685979 
1016 401.367239898295 
1017 402.006999488163 
1018 402.643746904261 
1019 403.277480837455 
1020 403.908200218372 
1021 404.535904214956 
1022 405.160592230012 
1023 405.782263898733 
1024 406.400919086213 
1025 407.016557884948 
1026 407.629180612325 
1027 408.238787808104 
1028 408.845380231883 
1029 409.448958860559 
1030 410.049524885784 
1031 410.647079711401 
1032 411.241624950892 
1033 411.833162424803 
1034 412.421694158178 
1035 413.007222377977 
1036 413.589749510501 
1037 414.169278178812 
1038 414.745811200143 
1039 415.319351583321 
1040 415.889902526178 
1041 416.457467412972 
1042 417.022049811797 
1043 417.58365347201 
1044 418.142282321648 
1045 418.697940464856 
1046 419.250632179314 
1047 419.800361913672 
1048 420.347134284984 
1049 420.890954076161 
1050 421.431826233411 
1051 421.969755863705 
1052 422.504748232236 
1053 423.036808759892 
1054 423.56594302074 
1055 424.092156739512 
1056 424.615455789106 
1057 425.135846188096 
1058 425.653334098248 
1059 426.167925822052 
1060 426.679627800266 
1061 427.188446609464 
1062 427.694388959604 
1063 428.197461691607 
1064 428.697671774943 
1065 429.19502630524 
1066 429.689532501896 
1067 430.181197705715 
1068 430.670029376551 
1069 431.156035090966 
1070 431.639222539907 
1071 432.119599526397 
1072 432.59717396324 
1073 433.071953870743 
1074 433.543947374453 
1075 434.013162702911 
1076 434.479608185426 
1077 434.943292249857 
1078 435.404223420423 
1079 435.86241031552 
1080 436.317861645565 
1081 436.77058621085 
1082 437.220592899416 
1083 437.66789068495 
1084 438.112488624691 
1085 438.554395857365 
1086 438.993621601127 
1087 439.430175151532 
1088 439.864065879517 
1089 440.29530322941 
1090 440.723896716948 
1091 441.149855927322 
1092 441.573190513239 
1093 441.993910193001 
1094 442.412024748608 
1095 442.827544023874 
1096 443.24047792257 
1097 443.65083640658 
1098 444.058629494082 
1099 444.463867257742 
1100 444.866559822937 
1101 445.266717365988 
1102 445.664350112423 
1103 446.059468335245 
1104 446.452082353239 
1105 446.842202529283 
1106 447.229839268684 
1107 447.615003017538 
1108 447.997704261102 
1109 448.377953522195 
1110 448.755761359607 
1111 449.131138366541 
1112 449.504095169062 
1113 449.874642424578 
1114 450.242790820328 
1115 450.6085510719 
1116 450.971933921762 
1117 451.332950137816 
1118 451.691610511971 
1119 452.047925858732 
1120 452.401907013814 
1121 452.753564832767 
1122 453.10291018963 
1123 453.449953975597 
1124 453.794707097704 
1125 454.137180477535 
1126 454.477385049946 
1127 454.815331761808 
1128 455.151031570771 
1129 455.484495444042 
1130 455.815734357185 
1131 456.144759292937 
1132 456.471581240045 
1133 456.796211192116 
1134 457.118660146491 
1135 457.438939103133 
1136 457.757059063531 
1137 458.073031029629 
1138 458.386866002766 
1139 458.698574982632 
1140 459.008168966247 
1141 459.315658946955 
1142 459.621055913432 
1143 459.924370848715 
1144 460.225614729245 
1145 460.524798523925 
1146 460.821933193202 
1147 461.117029688157 
1148 461.410098949612 
1149 461.701151907261 
1150 461.990199478805 
1151 462.277252569113 
1152 462.562322069394 
1153 462.845418856382 
1154 463.126553791544 
1155 463.405737720294 
1156 463.682981471229 
1157 463.958295855376 
1158 464.231691665456 
1159 464.503179675163 
1160 464.772770638451 
1161 465.040475288847 
1162 465.306304338767 
1163 465.570268478852 
1164 465.832378377318 
1165 466.092644679314 
1166 466.351078006302 
1167 466.607688955445 
1168 466.862488099007 
1169 467.115485983771 
1170 467.366693130469 
1171 467.616120033218 
1172 467.863777158979 
1173 468.109674947022 
1174 468.353823808404 
1175 468.596234125461 
1176 468.836916251312 
1177 469.075880509372 
1178 469.313137192883 
1179 469.548696564447 
1180 469.782568855583 
1181 470.014764266282 
1182 470.245292964586 
1183 470.474165086166 
1184 470.701390733921 
1185 470.926979977585 
1186 471.150942853337 
1187 471.373289363434 
1188 471.594029475846 
1189 471.813173123903 
1190 472.030730205956 
1191 472.246710585038 
1192 472.461124088549 
1193 472.673980507938 
1194 472.885289598402 
1195 473.095061078592 
1196 473.303304630328 
1197 473.510029898325 
1198 473.715246489923 
1199 473.918963974835 
1200 474.121191884896 
1201 474.321939713821 
1202 474.521216916976 
1203 474.719032911156 
1204 474.915397074367 
1205 475.110318745623 
1206 475.303807224745 
1207 475.49587177217 
1208 475.686521608771 
1209 475.87576591568 
1210 476.06361383412 
1211 476.250074465245 
1212 476.435156869989 
1213 476.618870068917 
1214 476.80122304209 
1215 476.98222472893 
1216 477.161884028096 
1217 477.34020979737 
1218 477.51721085354 
1219 477.692895972296 
1220 477.867273888135 
1221 478.040353294267 
1222 478.212142842526 
1223 478.382651143296 
1224 478.55188676543 
1225 478.719858236189 
1226 478.886574041174 
1227 479.052042624273 
1228 479.216272387609 
1229 479.379271691493 
1230 479.541048854385 
1231 479.701612152861 
1232 479.860969821579 
1233 480.019130053257 
1234 480.176100998656 
1235 480.331890766558 
1236 480.486507423763 
1237 480.639958995082 
1238 480.792253463333 
1239 480.94339876935 
1240 481.093402811988 
1241 481.242273448137 
1242 481.390018492739 
1243 481.53664571881 
1244 481.682162857462 
1245 481.826577597939 
1246 481.969897587643 
1247 482.112130432177 
1248 482.253283695382 
1249 482.393364899384 
1250 482.532381524642 
1251 482.67034101 
1252 482.807250752742 
1253 482.943118108651 
1254 483.077950392071 
1255 483.211754875972 
1256 483.344538792021 
1257 483.476309330651 
1258 483.607073641136 
1259 483.736838831671 
1260 483.865611969451 
1261 483.993400080753 
1262 484.120210151028 
1263 484.246049124982 
1264 484.370923906674 
1265 484.494841359608 
1266 484.617808306831 
1267 484.739831531029 
1268 484.860917774633 
1269 484.98107373992 
1270 485.10030608912 
1271 485.218621444526 
1272 485.336026388603 
1273 485.452527464102 
1274 485.568131174174 
1275 485.682843982487 
1276 485.796672313345 
1277 485.909622551812 
1278 486.021701043826 
1279 486.132914096334 
1280 486.243267977411 
1281 486.35276891639 
1282 486.461423103993 
1283 486.569236692458 
1284 486.676215795676 
1285 486.782366489325 
1286 486.887694811001 
1287 486.992206760361 
1288 487.095908299256 
1289 487.198805351875 
1290 487.300903804884 
1291 487.402209507569 
1292 487.502728271978 
1293 487.602465873069 
1294 487.70142804885 
1295 487.799620500531 
1296 487.897048892672 
1297 487.993718853328 
1298 488.0896359742 
1299 488.184805810788 
1300 488.279233882542 
1301 488.372925673011 
1302 488.465886630002 
1303 488.55812216573 
1304 488.649637656974 
1305 488.740438445231 
1306 488.830529836876 
1307 488.919917103317 
1308 489.00860548115 
1309 489.096600172321 
1310 489.183906344283 
1311 489.270529130154 
1312 489.356473628881 
1313 489.441744905394 
1314 489.52634799077 
1315 489.610287882396 
1316 489.693569544127 
1317 489.776197906449 
1318 489.858177866641 
1319 489.939514288938 
1320 490.020212004694 
1321 490.100275812542 
1322 490.179710478562 
1323 490.258520736441 
1324 490.336711287638 
1325 490.414286801546 
1326 490.49125191566 
1327 490.567611235734 
1328 490.643369335955 
1329 490.718530759097 
1330 490.793100016692 
1331 490.867081589192 
1332 490.940479926134 
1333 491.013299446304 
1334 491.085544537901 
1335 491.157219558701 
1336 491.228328836223 
1337 491.298876667891 
1338 491.368867321199 
1339 491.438305033877 
1340 491.507194014049 
1341 491.575538440403 
1342 491.643342462352 
1343 491.710610200196 
1344 491.777345745288 
1345 491.843553160194 
1346 491.909236478858 
1347 491.974399706763 
1348 492.039046821094 
1349 492.103181770899 
1350 492.166808477255 
1351 492.229930833422 
1352 492.29255270501 
1353 492.354677930137 
1354 492.416310319592 
1355 492.477453656992 
1356 492.538111698945 
1357 492.598288175205 
1358 492.657986788837 
1359 492.717211216372 
1360 492.775965107964 
1361 492.834252087552 
1362 492.892075753015 
1363 492.949439676328 
1364 493.006347403722 
1365 493.062802455837 
1366 493.118808327879 
1367 493.174368489777 
1368 493.229486386334 
1369 493.284165437386 
1370 493.338409037951 
1371 493.392220558386 
1372 493.445603344541 
1373 493.498560717905 
1374 493.551095975766 
1375 493.603212391356 
1376 493.654913214005 
1377 493.706201669293 
1378 493.757080959194 
1379 493.807554262231 
1380 493.857624733622 
1381 493.907295505429 
1382 493.956569686705 
1383 494.005450363641 
1384 494.053940599715 
1385 494.102043435831 
1386 494.149761890475 
1387 494.197098959849 
1388 494.244057618023 
1389 494.290640817074 
1390 494.336851487231 
1391 494.382692537017 
1392 494.42816685339 
1393 494.473277301886 
1394 494.518026726758 
1395 494.562417951115 
1396 494.606453777065 
1397 494.65013698585 
1398 494.693470337985 
1399 494.736456573398 
1400 494.779098411564 
1401 494.82139855164 
1402 494.863359672606 
1403 494.904984433394 
1404 494.946275473026 
1405 494.987235410748 
1406 495.027866846157 
1407 495.068172359345 
1408 495.108154511017 
1409 495.147815842634 
1410 495.187158876535 
1411 495.226186116073 
1412 495.26490004574 
1413 495.303303131297 
1414 495.341397819901 
1415 495.379186540235 
1416 495.416671702632 
1417 495.453855699201 
1418 495.490740903954 
1419 495.527329672928 
1420 495.563624344311 
1421 495.599627238567 
1422 495.635340658553 
1423 495.670766889648 
1424 495.705908199867 
1425 495.740766839989 
1426 495.775345043673 
1427 495.809645027577 
1428 495.843668991479 
1429 495.877419118392 
1430 495.910897574686 
1431 495.9441065102 
1432 495.977048058361 
1433 496.009724336301 
1434 496.042137444966 
1435 496.074289469237 
1436 496.106182478038 
1437 496.137818524453 
1438 496.169199645836 
1439 496.200327863924 
1440 496.231205184946 
1441 496.261833599736 
1442 496.292215083839 
1443 496.322351597624 
1444 496.35224508639 
1445 496.381897480476 
1446 496.411310695365 
1447 496.440486631791 
1448 496.469427175849 
1449 496.498134199094 
1450 496.526609558652 
1451 496.554855097317 
1452 496.582872643663 
1453 496.610664012136 
1454 496.638231003167 
1455 496.665575403265 
1456 496.692698985124 
1457 496.719603507717 
1458 496.746290716403 
1459 496.772762343019 
1460 496.799020105983 
1461 496.82506571039 
1462 496.850900848109 
1463 496.876527197881 
1464 496.901946425413 
1465 496.927160183474 
1466 496.952170111992 
1467 496.976977838144 
1468 497.001584976453 
1469 497.025993128879 
1470 497.050203884913 
1471 497.074218821666 
1472 497.098039503966 
1473 497.121667484439 
1474 497.14510430361 
1475 497.168351489985 
1476 497.19141056014 
1477 497.214283018815 
1478 497.236970358996 
1479 497.259474062004 
1480 497.281795597582 
1481 497.303936423981 
1482 497.325897988045 
1483 497.347681725297 
1484 497.369289060019 
1485 497.390721405343 
1486 497.411980163329 
1487 497.433066725049 
1488 497.453982470668 
1489 497.474728769527 
1490 497.495306980226 
1491 497.515718450699 
1492 497.535964518298 
1493 497.556046509873 
1494 497.575965741847 
1495 497.595723520298 
1496 497.615321141035 
1497 497.634759889677 
1498 497.654041041725 
1499 497.673165862646 
1500 497.692135607942 
1501 497.710951523226 
1502 497.729614844303 
1503 497.748126797234 
1504 497.766488598419 
1505 497.784701454664 
1506 497.802766563257 
1507 497.820685112038 
1508 497.838458279474 
1509 497.856087234724 
1510 497.873573137716 
1511 497.890917139214 
1512 497.908120380889 
1513 497.925183995387 
1514 497.942109106397 
1515 497.958896828723 
1516 497.975548268346 
1517 497.992064522498 
1518 498.008446679721 
1519 498.024695819942 
1520 498.040813014532 
1521 498.056799326374 
1522 498.072655809928 
1523 498.088383511296 
1524 498.103983468286 
1525 498.119456710472 
1526 498.134804259262 
1527 498.15002712796 
1528 498.165126321824 
1529 498.180102838134 
1530 498.194957666246 
1531 498.209691787662 
1532 498.224306176081 
1533 498.238801797466 
1534 498.2531796101 
1535 498.267440564648 
1536 498.281585604212 
1537 498.295615664392 
1538 498.309531673343 
1539 498.323334551835 
1540 498.337025213305 
1541 498.350604563918 
1542 498.364073502622 
1543 498.377432921202 
1544 498.390683704339 
1545 498.403826729662 
1546 498.416862867805 
1547 498.429792982458 
1548 498.442617930424 
1549 498.455338561672 
1550 498.467955719389 
1551 498.480470240031 
1552 498.49288295338 
1553 498.505194682592 
1554 498.51740624425 
1555 498.529518448416 
1556 498.541532098678 
1557 498.553447992205 
1558 498.565266919795 
1559 498.576989665924 
1560 498.588617008797 
1561 498.600149720396 
1562 498.611588566527 
1563 498.622934306872 
1564 498.634187695032 
1565 498.64534947858 
1566 498.656420399102 
1567 498.66740119225 
1568 498.678292587785 
1569 498.68909530962 
1570 498.699810075875 
1571 498.710437598912 
1572 498.720978585388 
1573 498.731433736294 
1574 498.741803747004 
1575 498.752089307316 
1576 498.762291101496 
1577 498.772409808325 
1578 498.782446101136 
1579 498.792400647862 
1580 498.802274111076 
1581 498.812067148034 
1582 498.821780410715 
1583 498.831414545865 
1584 498.840970195039 
1585 498.850447994636 
1586 498.859848575946 
1587 498.869172565188 
1588 498.878420583548 
1589 498.887593247223 
1590 498.896691167456 
1591 498.905714950577 
1592 498.914665198041 
1593 498.923542506468 
1594 498.932347467681 
1595 498.941080668741 
1596 498.949742691989 
1597 498.958334115078 
1598 498.966855511017 
1599 498.975307448199 
1600 498.983690490448 
1601 498.992005197044 
1602 499.000252122767 
1603 499.00843181793 
1604 499.016544828413 
1605 499.024591695702 
1606 499.032572956919 
1607 499.04048914486 
1608 499.048340788026 
1609 499.056128410663 
1610 499.063852532788 
1611 499.071513670228 
1612 499.079112334654 
1613 499.086649033608 
1614 499.094124270541 
1615 499.101538544844 
1616 499.108892351881 
1617 499.116186183019 
1618 499.123420525661 
1619 499.130595863278 
1620 499.13771267544 
1621 499.144771437845 
1622 499.151772622355 
1623 499.158716697019 
1624 499.16560412611 
1625 499.172435370152 
1626 499.17921088595 
1627 499.18593112662 
1628 499.192596541618 
1629 499.19920757677 
1630 499.205764674301 
1631 499.212268272861 
1632 499.218718807558 
1633 499.225116709983 
1634 499.231462408238 
1635 499.237756326965 
1636 499.243998887376 
1637 499.250190507274 
1638 499.256331601085 
1639 499.262422579886 
1640 499.268463851428 
1641 499.274455820163 
1642 499.280398887274 
1643 499.286293450697 
1644 499.29213990515 
1645 499.297938642157 
1646 499.303690050073 
1647 499.30939451411 
1648 499.315052416366 
1649 499.320664135841 
1650 499.326230048471 
1651 499.331750527148 
1652 499.337225941743 
1653 499.342656659135 
1654 499.34804304323 
1655 499.353385454987 
1656 499.358684252445 
1657 499.363939790738 
1658 499.369152422127 
1659 499.374322496017 
1660 499.379450358983 
1661 499.384536354793 
1662 499.389580824428 
1663 499.394584106106 
1664 499.399546535304 
1665 499.404468444779 
1666 499.409350164594 
1667 499.414192022131 
1668 499.418994342124 
1669 499.423757446669 
1670 499.428481655252 
1671 499.433167284771 
1672 499.437814649549 
1673 499.442424061364 
1674 499.446995829464 
1675 499.451530260587 
1676 499.456027658984 
1677 499.460488326439 
1678 499.464912562285 
1679 499.469300663427 
1680 499.473652924363 
1681 499.477969637198 
1682 499.482251091667 
1683 499.486497575157 
1684 499.490709372716 
1685 499.494886767085 
1686 499.499030038704 
1687 499.503139465741 
1688 499.507215324101 
1689 499.511257887453 
1690 499.515267427241 
1691 499.519244212705 
1692 499.523188510901 
1693 499.527100586713 
1694 499.530980702875 
1695 499.534829119986 
1696 499.53864609653 
1697 499.54243188889 
1698 499.546186751365 
1699 499.549910936189 
1700 499.553604693548 
1701 499.557268271592 
1702 499.560901916456 
1703 499.564505872277 
1704 499.568080381203 
1705 499.571625683419 
1706 499.575142017154 
1707 499.578629618702 
1708 499.582088722436 
1709 499.585519560825 
1710 499.588922364447 
1711 499.592297362003 
1712 499.595644780339 
1713 499.598964844453 
1714 499.602257777515 
1715 499.605523800879 
1716 499.6087631341 
1717 499.611975994947 
1718 499.615162599417 
1719 499.618323161752 
1720 499.621457894449 
1721 499.624567008277 
1722 499.627650712293 
1723 499.63070921385 
1724 499.633742718614 
1725 499.63675143058 
1726 499.639735552082 
1727 499.642695283807 
1728 499.645630824809 
1729 499.648542372524 
1730 499.651430122778 
1731 499.654294269805 
1732 499.65713500626 
1733 499.659952523227 
1734 499.662747010235 
1735 499.665518655271 
1736 499.668267644793 
1737 499.670994163737 
1738 499.673698395539 
1739 499.676380522136 
1740 499.679040723988 
1741 499.681679180082 
1742 499.684296067951 
1743 499.68689156368 
1744 499.689465841922 
1745 499.692019075905 
1746 499.694551437448 
1747 499.697063096971 
1748 499.699554223506 
1749 499.702024984706 
1750 499.704475546861 
1751 499.706906074905 
1752 499.70931673243 
1753 499.711707681693 
1754 499.71407908363 
1755 499.716431097869 
1756 499.718763882731 
1757 499.721077595254 
1758 499.723372391192 
1759 499.72564842503 
1760 499.727905849997 
1761 499.730144818072 
1762 499.732365479994 
1763 499.734567985275 
1764 499.736752482208 
1765 499.738919117879 
1766 499.741068038173 
1767 499.743199387788 
1768 499.74531331024 
1769 499.747409947877 
1770 499.749489441887 
1771 499.751551932307 
1772 499.753597558031 
1773 499.755626456821 
1774 499.757638765318 
1775 499.759634619046 
1776 499.761614152427 
1777 499.763577498785 
1778 499.765524790357 
1779 499.767456158303 
1780 499.769371732712 
1781 499.771271642615 
1782 499.773156015986 
1783 499.775024979761 
1784 499.776878659837 
1785 499.778717181085 
1786 499.780540667358 
1787 499.782349241499 
1788 499.78414302535 
1789 499.785922139756 
1790 499.787686704581 
1791 499.789436838707 
1792 499.791172660049 
1793 499.79289428556 
1794 499.794601831236 
1795 499.796295412131 
1796 499.797975142357 
1797 499.799641135097 
1798 499.801293502611 
1799 499.802932356241 
1800 499.804557806422 
1801 499.806169962689 
1802 499.80776893368 
1803 499.80935482715 
1804 499.810927749973 
1805 499.812487808151 
1806 499.814035106822 
1807 499.815569750265 
1808 499.817091841909 
1809 499.818601484337 
1810 499.820098779298 
1811 499.821583827708 
1812 499.82305672966 
1813 499.824517584432 
1814 499.825966490488 
1815 499.827403545491 
1816 499.828828846307 
1817 499.83024248901 
1818 499.831644568892 
1819 499.833035180464 
1820 499.834414417468 
1821 499.83578237288 
1822 499.837139138917 
1823 499.838484807043 
1824 499.839819467976 
1825 499.841143211693 
1826 499.842456127437 
1827 499.84375830372 
1828 499.845049828336 
1829 499.846330788357 
1830 499.847601270148 
1831 499.848861359367 
1832 499.850111140973 
1833 499.851350699232 
1834 499.85258011772 
1835 499.853799479334 
1836 499.85500886629 
1837 499.856208360136 
1838 499.857398041752 
1839 499.858577991359 
1840 499.859748288522 
1841 499.860909012156 
1842 499.862060240533 
1843 499.863202051284 
1844 499.864334521407 
1845 499.865457727271 
1846 499.866571744622 
1847 499.867676648585 
1848 499.868772513675 
1849 499.869859413795 
1850 499.870937422247 
1851 499.872006611733 
1852 499.87306705436 
1853 499.874118821649 
1854 499.875161984535 
1855 499.876196613373 
1856 499.877222777944 
1857 499.878240547461 
1858 499.879249990567 
1859 499.880251175348 
1860 499.881244169334 
1861 499.882229039501 
1862 499.883205852278 
1863 499.884174673555 
1864 499.885135568678 
1865 499.886088602464 
1866 499.887033839198 
1867 499.887971342641 
1868 499.888901176031 
1869 499.889823402093 
1870 499.890738083035 
1871 499.891645280561 
1872 499.892545055868 
1873 499.893437469655 
1874 499.894322582122 
1875 499.89520045298 
1876 499.896071141452 
1877 499.896934706275 
1878 499.897791205708 
1879 499.898640697534 
1880 499.899483239061 
1881 499.900318887133 
1882 499.901147698126 
1883 499.901969727957 
1884 499.902785032086 
1885 499.903593665519 
1886 499.904395682813 
1887 499.905191138079 
1888 499.905980084986 
1889 499.906762576764 
1890 499.907538666209 
1891 499.908308405684 
1892 499.909071847126 
1893 499.909829042044 
1894 499.910580041531 
1895 499.911324896258 
1896 499.912063656485 
1897 499.912796372059 
1898 499.91352309242 
1899 499.914243866606 
1900 499.914958743251 
1901 499.915667770594 
1902 499.916370996478 
1903 499.917068468356 
1904 499.917760233293 
1905 499.91844633797 
1906 499.919126828683 
1907 499.919801751355 
1908 499.920471151529 
1909 499.921135074378 
1910 499.921793564706 
1911 499.922446666948 
1912 499.923094425179 
1913 499.923736883112 
1914 499.924374084103 
1915 499.925006071155 
1916 499.925632886916 
1917 499.926254573689 
1918 499.926871173429 
1919 499.927482727749 
1920 499.928089277921 
1921 499.92869086488 
1922 499.929287529226 
1923 499.929879311229 
1924 499.930466250827 
1925 499.931048387633 
1926 499.931625760935 
1927 499.932198409702 
1928 499.932766372582 
1929 499.933329687909 
1930 499.933888393702 
1931 499.934442527669 
1932 499.934992127212 
1933 499.935537229425 
1934 499.936077871099 
1935 499.936614088725 
1936 499.937145918495 
1937 499.937673396306 
1938 499.938196557759 
1939 499.938715438167 
1940 499.939230072553 
1941 499.939740495653 
1942 499.94024674192 
1943 499.940748845524 
1944 499.941246840357 
1945 499.941740760033 
1946 499.942230637891 
1947 499.942716506999 
1948 499.943198400152 
1949 499.943676349878 
1950 499.944150388441 
1951 499.944620547838 
1952 499.945086859805 
1953 499.945549355821 
1954 499.946008067105 
1955 499.946463024621 
1956 499.94691425908 
1957 499.947361800943 
1958 499.94780568042 
1959 499.948245927476 
1960 499.948682571829 
1961 499.949115642955 
1962 499.949545170089 
1963 499.949971182227 
1964 499.950393708126 
1965 499.950812776312 
1966 499.951228415072 
1967 499.951640652468 
1968 499.952049516326 
1969 499.95245503425 
1970 499.952857233615 
1971 499.953256141573 
1972 499.953651785054 
1973 499.954044190767 
1974 499.954433385205 
1975 499.954819394641 
1976 499.955202245135 
1977 499.955581962534 
1978 499.955958572473 
1979 499.956332100377 
1980 499.956702571463 
1981 499.957070010744 
1982 499.957434443025 
1983 499.957795892911 
1984 499.958154384804 
1985 499.958509942907 
1986 499.958862591225 
1987 499.959212353567 
1988 499.959559253545 
1989 499.959903314583 
1990 499.960244559907 
1991 499.960583012558 
1992 499.960918695387 
1993 499.961251631056 
1994 499.961581842046 
1995 499.961909350649 
1996 499.962234178978 
1997 499.962556348965 
1998 499.962875882362 
1999 499.963192800742 
2000 499.963507125503 
2001 499.963818877867 
2002 499.964128078884 
2003 499.96443474943 
2004 499.964738910211 
2005 499.965040581763 
2006 499.965339784456 
2007 499.965636538491 
2008 499.965930863904 
2009 499.966222780569 
2010 499.966512308196 
2011 499.966799466333 
2012 499.96708427437 
2013 499.967366751537 
2014 499.967646916908 
2015 499.967924789399 
2016 499.968200387772 
2017 499.968473730637 
2018 499.968744836451 
2019 499.969013723518 
2020 499.969280409995 
2021 499.969544913889 
2022 499.96980725306 
2023 499.970067445222 
2024 499.970325507944 
2025 499.970581458652 
2026 499.970835314627 
2027 499.971087093012 
2028 499.971336810807 
2029 499.971584484875 
2030 499.97183013194 
2031 499.972073768588 
2032 499.972315411271 
2033 499.972555076307 
2034 499.972792779878 
2035 499.973028538036 
2036 499.973262366701 
2037 499.973494281662 
2038 499.973724298579 
2039 499.973952432984 
2040 499.974178700284 
2041 499.974403115755 
2042 499.974625694554 
2043 499.974846451709 
2044 499.975065402129 
2045 499.975282560597 
2046 499.975497941779 
2047 499.975711560219 
2048 499.975923430341 
2049 499.976133566453 
2050 499.976341982745 
2051 499.976548693292 
2052 499.976753712051 
2053 499.976957052868 
2054 499.977158729474 
2055 499.977358755489 
2056 499.977557144419 
2057 499.977753909662 
2058 499.977949064506 
2059 499.978142622129 
2060 499.978334595602 
2061 499.978524997889 
2062 499.978713841848 
2063 499.978901140232 
2064 499.979086905689 
2065 499.979271150765 
2066 499.979453887901 
2067 499.979635129437 
2068 499.979814887614 
2069 499.979993174571 
2070 499.980170002347 
2071 499.980345382884 
2072 499.980519328027 
2073 499.98069184952 
2074 499.980862959017 
2075 499.981032668072 
2076 499.981200988145 
2077 499.981367930604 
2078 499.981533506724 
2079 499.981697727685 
2080 499.981860604578 
2081 499.982022148404 
2082 499.98218237007 
2083 499.982341280399 
2084 499.982498890121 
2085 499.98265520988 
2086 499.982810250234 
2087 499.982964021653 
2088 499.983116534521 
2089 499.983267799139 
2090 499.983417825723 
2091 499.983566624403 
2092 499.983714205229 
2093 499.983860578169 
2094 499.984005753107 
2095 499.984149739847 
2096 499.984292548115 
2097 499.984434187553 
2098 499.984574667729 
2099 499.98471399813 
2100 499.984852188165 
2101 499.984989247167 
2102 499.985125184393 
2103 499.985260009022 
2104 499.985393730162 
2105 499.985526356842 
2106 499.98565789802 
2107 499.98578836258 
2108 499.985917759332 
2109 499.986046097017 
2110 499.9861733843 
2111 499.98629962978 
2112 499.986424841982 
2113 499.986549029363 
2114 499.986672200309 
2115 499.98679436314 
2116 499.986915526107 
2117 499.987035697391 
2118 499.98715488511 
2119 499.987273097313 
2120 499.987390341984 
2121 499.987506627041 
2122 499.987621960337 
2123 499.987736349664 
2124 499.987849802745 
2125 499.987962327243 
2126 499.988073930759 
2127 499.988184620829 
2128 499.98829440493 
2129 499.988403290477 
2130 499.988511284822 
2131 499.988618395261 
2132 499.988724629027 
2133 499.988829993295 
2134 499.988934495181 
2135 499.989038141744 
2136 499.989140939983 
2137 499.989242896842 
2138 499.989344019207 
2139 499.989444313907 
2140 499.989543787717 
2141 499.989642447354 
2142 499.989740299483 
2143 499.989837350711 
2144 499.989933607595 
2145 499.990029076635 
2146 499.99012376428 
2147 499.990217676923 
2148 499.99031082091 
2149 499.99040320253 
2150 499.990494828022 
2151 499.990585703576 
2152 499.99067583533 
2153 499.99076522937 
2154 499.990853891734 
2155 499.990941828412 
2156 499.991029045341 
2157 499.991115548414 
2158 499.991201343472 
2159 499.991286436311 
2160 499.991370832677 
2161 499.99145453827 
2162 499.991537558745 
2163 499.991619899709 
2164 499.991701566723 
2165 499.991782565303 
2166 499.99186290092 
2167 499.991942579 
2168 499.992021604924 
2169 499.99209998403 
2170 499.992177721613 
2171 499.992254822922 
2172 499.992331293165 
2173 499.992407137507 
2174 499.992482361072 
2175 499.992556968939 
2176 499.992630966147 
2177 499.992704357696 
2178 499.992777148542 
2179 499.992849343601 
2180 499.992920947749 
2181 499.992991965824 
2182 499.993062402621 
2183 499.993132262899 
2184 499.993201551376 
2185 499.993270272731 
2186 499.993338431607 
2187 499.993406032608 
2188 499.993473080298 
2189 499.993539579207 
2190 499.993605533827 
2191 499.993670948612 
2192 499.99373582798 
2193 499.993800176314 
2194 499.99386399796 
2195 499.993927297229 
2196 499.993990078397 
2197 499.994052345703 
2198 499.994114103353 
2199 499.99417535552 
2200 499.994236106339 
2201 499.994296359915 
2202 499.994356120318 
2203 499.994415391583 
2204 499.994474177714 
2205 499.994532482683 
2206 499.994590310426 
2207 499.99464766485 
2208 499.994704549829 
2209 499.994760969205 
2210 499.994816926789 
2211 499.994872426361 
2212 499.99492747167 
2213 499.994982066433 
2214 499.995036214337 
2215 499.995089919042 
2216 499.995143184173 
2217 499.995196013329 
2218 499.995248410077 
2219 499.995300377958 
2220 499.995351920482 
2221 499.995403041129 
2222 499.995453743352 
2223 499.995504030578 
2224 499.995553906201 
2225 499.995603373592 
2226 499.99565243609 
2227 499.995701097011 
2228 499.995749359641 
2229 499.99579722724 
2230 499.995844703041 
2231 499.995891790252 
2232 499.995938492051 
2233 499.995984811595 
2234 499.996030752012 
2235 499.996076316404 
2236 499.99612150785 
2237 499.996166329402 
2238 499.996210784087 
2239 499.996254874909 
2240 499.996298604845 
2241 499.996341976849 
2242 499.996384993851 
2243 499.996427658756 
2244 499.996469974447 
2245 499.996511943782 
2246 499.996553569594 
2247 499.996594854697 
2248 499.996635801879 
2249 499.996676413905 
2250 499.996716693519 
2251 499.996756643442 
2252 499.996796266372 
2253 499.996835564985 
2254 499.996874541936 
2255 499.996913199858 
2256 499.996951541361 
2257 499.996989569037 
2258 499.997027285452 
2259 499.997064693156 
2260 499.997101794675 
2261 499.997138592514 
2262 499.99717508916 
2263 499.997211287077 
2264 499.997247188712 
2265 499.997282796487 
2266 499.997318112811 
2267 499.997353140066 
2268 499.99738788062 
2269 499.997422336819 
2270 499.997456510991 
2271 499.997490405443 
2272 499.997524022466 
2273 499.99755736433 
2274 499.997590433288 
2275 499.997623231572 
2276 499.997655761399 
2277 499.997688024965 
2278 499.997720024451 
2279 499.997751762017 
2280 499.997783239808 
2281 499.997814459949 
2282 499.997845424549 
2283 499.997876135701 
2284 499.997906595478 
2285 499.997936805938 
2286 499.997966769122 
2287 499.997996487053 
2288 499.998025961739 
2289 499.998055195172 
2290 499.998084189324 
2291 499.998112946156 
2292 499.998141467609 
2293 499.998169755611 
2294 499.998197812071 
2295 499.998225638886 
2296 499.998253237934 
2297 499.99828061108 
2298 499.998307760173 
2299 499.998334687046 
2300 499.99836139352 
2301 499.998387881397 
2302 499.998414152467 
2303 499.998440208504 
2304 499.998466051269 
2305 499.998491682507 
2306 499.99851710395 
2307 499.998542317314 
2308 499.998567324303 
2309 499.998592126606 
2310 499.998616725898 
2311 499.998641123841 
2312 499.998665322083 
2313 499.998689322258 
2314 499.998713125989 
2315 499.998736734882 
2316 499.998760150532 
2317 499.998783374521 
2318 499.998806408418 
2319 499.998829253779 
2320 499.998851912147 
2321 499.998874385052 
2322 499.998896674013 
2323 499.998918780535 
2324 499.99894070611 
2325 499.998962452222 
2326 499.998984020338 
2327 499.999005411914 
2328 499.999026628397 
2329 499.99904767122 
2330 499.999068541803 
2331 499.999089241556 
2332 499.999109771879 
2333 499.999130134157 
2334 499.999150329766 
2335 499.99917036007 
2336 499.999190226422 
2337 499.999209930165 
2338 499.999229472629 
2339 499.999248855134 
2340 499.999268078989 
2341 499.999287145494 
2342 499.999306055936 
2343 499.999324811592 
2344 499.999343413729 
2345 499.999361863604 
2346 499.999380162463 
2347 499.999398311543 
2348 499.999416312069 
2349 499.999434165257 
2350 499.999451872313 
2351 499.999469434433 
2352 499.999486852804 
2353 499.999504128602 
2354 499.999521262994 
2355 499.999538257137 
2356 499.99955511218 
2357 499.999571829261 
2358 499.999588409509 
2359 499.999604854044 
2360 499.999621163978 
2361 499.999637340411 
2362 499.999653384436 
2363 499.999669297138 
2364 499.999685079591 
2365 499.999700732861 
2366 499.999716258006 
2367 499.999731656074 
2368 499.999746928106 
2369 499.999762075132 
2370 499.999777098177 
2371 499.999791998255 
2372 499.999806776373 
2373 499.999821433528 
2374 499.999835970712 
2375 499.999850388905 
2376 499.999864689082 
2377 499.999878872209 
2378 499.999892939244 
2379 499.999906891137 
2380 499.999920728831 
2381 499.99993445326 
2382 499.999948065351 
2383 499.999961566024 
2384 499.999974956191 
2385 499.999988236757 
2386 500.000001408617 
2387 500.000014472664 
2388 500.000027429778 
2389 500.000040280834 
2390 500.000053026702 
2391 500.000065668242 
2392 500.000078206308 
2393 500.000090641747 
2394 500.000102975399 
2395 500.000115208097 
2396 500.000127340667 
2397 500.000139373929 
2398 500.000151308697 
2399 500.000163145775 
2400 500.000174885964 
2401 500.000186530056 
2402 500.000198078839 
2403 500.000209533092 
2404 500.000220893589 
2405 500.000232161098 
2406 500.000243336379 
2407 500.000254420188 
2408 500.000265413273 
2409 500.000276316377 
2410 500.000287130236 
2411 500.000297855581 
2412 500.000308493137 
2413 500.000319043621 
2414 500.000329507747 
2415 500.000339886222 
2416 500.000350179746 
2417 500.000360389014 
2418 500.000370514718 
2419 500.000380557539 
2420 500.000390518158 
2421 500.000400397246 
2422 500.000410195472 
2423 500.000419913496 
2424 500.000429551976 
2425 500.000439111562 
2426 500.000448592901 
2427 500.000457996632 
2428 500.000467323392 
2429 500.000476573809 
2430 500.000485748509 
2431 500.000494848112 
2432 500.000503873232 
2433 500.000512824479 
2434 500.000521702458 
2435 500.000530507768 
2436 500.000539241004 
2437 500.000547902756 
2438 500.00055649361 
2439 500.000565014144 
2440 500.000573464936 
2441 500.000581846556 
2442 500.00059015957 
2443 500.00059840454 
2444 500.000606582023 
2445 500.00061469257 
2446 500.000622736731 
2447 500.000630715047 
2448 500.000638628059 
2449 500.000646476301 
2450 500.000654260302 
2451 500.00066198059 
2452 500.000669637684 
2453 500.000677232104 
2454 500.00068476436 
2455 500.000692234963 
2456 500.000699644417 
2457 500.000706993223 
2458 500.000714281876 
2459 500.00072151087 
2460 500.000728680692 
2461 500.000735791828 
2462 500.000742844756 
2463 500.000749839954 
2464 500.000756777895 
2465 500.000763659047 
2466 500.000770483874 
2467 500.000777252838 
2468 500.000783966396 
2469 500.000790625002 
2470 500.000797229105 
2471 500.000803779151 
2472 500.000810275584 
2473 500.000816718841 
2474 500.000823109358 
2475 500.000829447567 
2476 500.000835733896 
2477 500.000841968769 
2478 500.000848152608 
2479 500.000854285831 
2480 500.000860368851 
2481 500.00086640208 
2482 500.000872385925 
2483 500.00087832079 
2484 500.000884207077 
2485 500.000890045183 
2486 500.000895835502 
2487 500.000901578426 
2488 500.000907274342 
2489 500.000912923635 
2490 500.000918526687 
2491 500.000924083876 
2492 500.000929595578 
2493 500.000935062165 
2494 500.000940484007 
2495 500.000945861468 
2496 500.000951194914 
2497 500.000956484704 
2498 500.000961731195 
2499 500.000966934742 
2500 500.000972095696 
2501 500.000977214407 
2502 500.000982291219 
2503 500.000987326475 
2504 500.000992320517 
2505 500.000997273681 
2506 500.001002186302 
2507 500.001007058711 
2508 500.001011891238 
2509 500.001016684209 
2510 500.001021437948 
2511 500.001026152777 
2512 500.001030829013 
2513 500.001035466972 
2514 500.001040066969 
2515 500.001044629313 
2516 500.001049154312 
2517 500.001053642273 
2518 500.001058093499 
2519 500.00106250829 
2520 500.001066886944 
2521 500.001071229758 
2522 500.001075537025 
2523 500.001079809034 
2524 500.001084046077 
2525 500.001088248438 
2526 500.0010924164 
2527 500.001096550247 
2528 500.001100650257 
2529 500.001104716707 
2530 500.001108749872 
2531 500.001112750024 
2532 500.001116717433 
2533 500.001120652368 
2534 500.001124555094 
2535 500.001128425875 
2536 500.001132264973 
2537 500.001136072646 
2538 500.001139849152 
2539 500.001143594746 
2540 500.001147309681 
2541 500.001150994208 
2542 500.001154648576 
2543 500.001158273032 
2544 500.00116186782 
2545 500.001165433184 
2546 500.001168969364 
2547 500.001172476599 
2548 500.001175955127 
2549 500.001179405181 
2550 500.001182826996 
2551 500.001186220802 
2552 500.001189586828 
2553 500.001192925303 
2554 500.00119623645 
2555 500.001199520495 
2556 500.001202777659 
2557 500.001206008162 
2558 500.001209212222 
2559 500.001212390056 
2560 500.001215541878 
2561 500.001218667901 
2562 500.001221768337 
2563 500.001224843394 
2564 500.001227893282 
2565 500.001230918205 
2566 500.001233918367 
2567 500.001236893973 
2568 500.001239845222 
2569 500.001242772314 
2570 500.001245675446 
2571 500.001248554816 
2572 500.001251410617 
2573 500.001254243042 
2574 500.001257052283 
2575 500.001259838529 
2576 500.001262601969 
2577 500.001265342789 
2578 500.001268061174 
2579 500.001270757309 
2580 500.001273431374 
2581 500.001276083552 
2582 500.00127871402 
2583 500.001281322958 
2584 500.00128391054 
2585 500.001286476941 
2586 500.001289022336 
2587 500.001291546896 
2588 500.001294050792 
2589 500.001296534192 
2590 500.001298997264 
2591 500.001301440176 
2592 500.001303863091 
2593 500.001306266174 
2594 500.001308649587 
2595 500.001311013491 
2596 500.001313358045 
2597 500.001315683408 
2598 500.001317989738 
2599 500.001320277189 
2600 500.001322545917 
2601 500.001324796074 
2602 500.001327027813 
2603 500.001329241284 
2604 500.001331436637 
2605 500.001333614021 
2606 500.001335773581 
2607 500.001337915465 
2608 500.001340039817 
2609 500.00134214678 
2610 500.001344236497 
2611 500.001346309109 
2612 500.001348364756 
2613 500.001350403577 
2614 500.001352425708 
2615 500.001354431288 
2616 500.001356420452 
2617 500.001358393334 
2618 500.001360350067 
2619 500.001362290783 
2620 500.001364215614 
2621 500.001366124689 
2622 500.001368018138 
2623 500.001369896088 
2624 500.001371758666 
2625 500.001373605999 
2626 500.001375438211 
2627 500.001377255425 
2628 500.001379057764 
2629 500.001380845351 
2630 500.001382618305 
2631 500.001384376748 
2632 500.001386120797 
2633 500.00138785057 
2634 500.001389566184 
2635 500.001391267755 
2636 500.001392955399 
2637 500.001394629228 
2638 500.001396289356 
2639 500.001397935896 
2640 500.001399568958 
2641 500.001401188652 
2642 500.001402795089 
2643 500.001404388377 
2644 500.001405968623 
2645 500.001407535934 
2646 500.001409090416 
2647 500.001410632174 
2648 500.001412161312 
2649 500.001413677933 
2650 500.001415182141 
2651 500.001416674035 
2652 500.001418153718 
2653 500.00141962129 
2654 500.001421076848 
2655 500.001422520493 
2656 500.00142395232 
2657 500.001425372427 
2658 500.001426780911 
2659 500.001428177865 
2660 500.001429563385 
2661 500.001430937563 
2662 500.001432300494 
2663 500.001433652268 
2664 500.001434992978 
2665 500.001436322713 
2666 500.001437641564 
2667 500.00143894962 
2668 500.001440246968 
2669 500.001441533697 
2670 500.001442809894 
2671 500.001444075645 
2672 500.001445331035 
2673 500.001446576149 
2674 500.001447811072 
2675 500.001449035886 
2676 500.001450250674 
2677 500.001451455519 
2678 500.001452650502 
2679 500.001453835704 
2680 500.001455011204 
2681 500.001456177082 
2682 500.001457333417 
2683 500.001458480287 
2684 500.001459617769 
2685 500.00146074594 
2686 500.001461864877 
2687 500.001462974655 
2688 500.001464075349 
2689 500.001465167034 
2690 500.001466249783 
2691 500.001467323668 
2692 500.001468388764 
2693 500.001469445141 
2694 500.001470492872 
2695 500.001471532026 
2696 500.001472562675 
2697 500.001473584887 
2698 500.001474598732 
2699 500.001475604278 
2700 500.001476601593 
2701 500.001477590745 
2702 500.001478571801 
2703 500.001479544826 
2704 500.001480509886 
2705 500.001481467047 
2706 500.001482416373 
2707 500.001483357929 
2708 500.001484291777 
2709 500.001485217982 
2710 500.001486136605 
2711 500.001487047709 
2712 500.001487951355 
2713 500.001488847605 
2714 500.001489736518 
2715 500.001490618155 
2716 500.001491492576 
2717 500.001492359839 
2718 500.001493220003 
2719 500.001494073127 
2720 500.001494919267 
2721 500.001495758481 
2722 500.001496590826 
2723 500.001497416358 
2724 500.001498235132 
2725 500.001499047204 
2726 500.00149985263 
2727 500.001500651462 
2728 500.001501443756 
2729 500.001502229564 
2730 500.001503008941 
2731 500.001503781937 
2732 500.001504548607 
2733 500.001505309001 
2734 500.001506063171 
2735 500.001506811167 
2736 500.001507553041 
2737 500.001508288843 
2738 500.001509018621 
2739 500.001509742426 
2740 500.001510460306 
2741 500.001511172311 
2742 500.001511878487 
2743 500.001512578882 
2744 500.001513273545 
2745 500.001513962522 
2746 500.001514645859 
2747 500.001515323602 
2748 500.001515995798 
2749 500.001516662492 
2750 500.001517323729 
2751 500.001517979553 
2752 500.001518630009 
2753 500.00151927514 
2754 500.001519914991 
2755 500.001520549605 
2756 500.001521179024 
2757 500.00152180329 
2758 500.001522422447 
2759 500.001523036536 
2760 500.001523645598 
2761 500.001524249675 
2762 500.001524848807 
2763 500.001525443035 
2764 500.001526032399 
2765 500.001526616939 
2766 500.001527196694 
2767 500.001527771704 
2768 500.001528342007 
2769 500.001528907641 
2770 500.001529468646 
2771 500.001530025058 
2772 500.001530576917 
2773 500.001531124258 
2774 500.001531667118 
2775 500.001532205535 
2776 500.001532739545 
2777 500.001533269184 
2778 500.001533794488 
2779 500.001534315491 
2780 500.00153483223 
2781 500.00153534474 
2782 500.001535853054 
2783 500.001536357207 
2784 500.001536857234 
2785 500.001537353168 
2786 500.001537845042 
2787 500.00153833289 
2788 500.001538816745 
2789 500.001539296639 
2790 500.001539772605 
2791 500.001540244675 
2792 500.001540712881 
2793 500.001541177255 
2794 500.001541637827 
2795 500.00154209463 
2796 500.001542547693 
2797 500.001542997047 
2798 500.001543442724 
2799 500.001543884752 
2800 500.001544323163 
2801 500.001544757985 
2802 500.001545189247 
2803 500.001545616979 
2804 500.001546041211 
2805 500.001546461969 
2806 500.001546879284 
2807 500.001547293183 
2808 500.001547703693 
2809 500.001548110844 
2810 500.001548514662 
2811 500.001548915174 
2812 500.001549312408 
2813 500.00154970639 
2814 500.001550097148 
2815 500.001550484707 
2816 500.001550869094 
2817 500.001551250334 
2818 500.001551628454 
2819 500.001552003478 
2820 500.001552375433 
2821 500.001552744343 
2822 500.001553110233 
2823 500.001553473129 
2824 500.001553833054 
2825 500.001554190033 
2826 500.00155454409 
2827 500.001554895248 
2828 500.001555243533 
2829 500.001555588966 
2830 500.001555931572 
2831 500.001556271374 
2832 500.001556608394 
2833 500.001556942655 
2834 500.00155727418 
2835 500.001557602992 
2836 500.001557929112 
2837 500.001558252563 
2838 500.001558573366 
2839 500.001558891544 
2840 500.001559207116 
2841 500.001559520106 
2842 500.001559830534 
2843 500.00156013842 
2844 500.001560443787 
2845 500.001560746654 
2846 500.001561047042 
2847 500.001561344971 
2848 500.001561640461 
2849 500.001561933532 
2850 500.001562224205 
2851 500.001562512499 
2852 500.001562798432 
2853 500.001563082025 
2854 500.001563363297 
2855 500.001563642266 
2856 500.001563918952 
2857 500.001564193373 
2858 500.001564465548 
2859 500.001564735495 
2860 500.001565003232 
2861 500.001565268778 
2862 500.00156553215 
2863 500.001565793366 
2864 500.001566052444 
2865 500.001566309401 
2866 500.001566564255 
2867 500.001566817023 
2868 500.001567067722 
2869 500.001567316369 
2870 500.00156756298 
2871 500.001567807573 
2872 500.001568050164 
2873 500.001568290769 
2874 500.001568529405 
2875 500.001568766087 
2876 500.001569000832 
2877 500.001569233655 
2878 500.001569464573 
2879 500.0015696936 
2880 500.001569920753 
2881 500.001570146046 
2882 500.001570369495 
2883 500.001570591115 
2884 500.001570810922 
2885 500.001571028928 
2886 500.001571245151 
2887 500.001571459603 
2888 500.0015716723 
2889 500.001571883256 
2890 500.001572092486 
2891 500.001572300002 
2892 500.00157250582 
2893 500.001572709954 
2894 500.001572912416 
2895 500.001573113221 
2896 500.001573312383 
2897 500.001573509914 
2898 500.001573705828 
2899 500.001573900139 
2900 500.001574092859 
2901 500.001574284001 
2902 500.001574473579 
2903 500.001574661606 
2904 500.001574848093 
2905 500.001575033053 
2906 500.0015752165 
2907 500.001575398445 
2908 500.001575578901 
2909 500.001575757879 
2910 500.001575935393 
2911 500.001576111454 
2912 500.001576286073 
2913 500.001576459263 
2914 500.001576631035 
2915 500.001576801402 
2916 500.001576970374 
2917 500.001577137962 
2918 500.001577304179 
2919 500.001577469036 
2920 500.001577632542 
2921 500.001577794711 
2922 500.001577955552 
2923 500.001578115077 
2924 500.001578273295 
2925 500.001578430219 
2926 500.001578585858 
2927 500.001578740223 
2928 500.001578893325 
2929 500.001579045173 
2930 500.001579195779 
2931 500.001579345151 
2932 500.001579493301 
2933 500.001579640239 
2934 500.001579785973 
2935 500.001579930515 
2936 500.001580073873 
2937 500.001580216058 
2938 500.001580357079 
2939 500.001580496946 
2940 500.001580635668 
2941 500.001580773254 
2942 500.001580909715 
2943 500.001581045058 
2944 500.001581179293 
2945 500.00158131243 
2946 500.001581444476 
2947 500.001581575442 
2948 500.001581705336 
2949 500.001581834167 
2950 500.001581961943 
2951 500.001582088673 
2952 500.001582214366 
2953 500.00158233903 
2954 500.001582462673 
2955 500.001582585305 
2956 500.001582706932 
2957 500.001582827564 
2958 500.001582947209 
2959 500.001583065874 
2960 500.001583183568 
2961 500.001583300299 
2962 500.001583416074 
2963 500.001583530901 
2964 500.001583644789 
2965 500.001583757744 
2966 500.001583869774 
2967 500.001583980888 
2968 500.001584091092 
2969 500.001584200394 
2970 500.001584308801 
2971 500.001584416321 
2972 500.001584522961 
2973 500.001584628728 
2974 500.001584733629 
2975 500.001584837672 
2976 500.001584940862 
2977 500.001585043209 
2978 500.001585144717 
2979 500.001585245394 
2980 500.001585345248 
2981 500.001585444284 
2982 500.001585542509 
2983 500.001585639931 
2984 500.001585736554 
2985 500.001585832387 
2986 500.001585927436 
2987 500.001586021707 
2988 500.001586115205 
2989 500.001586207939 
2990 500.001586299913 
2991 500.001586391135 
2992 500.00158648161 
2993 500.001586571344 
2994 500.001586660344 
2995 500.001586748615 
2996 500.001586836164 
2997 500.001586922996 
2998 500.001587009117 
2999 500.001587094534 
