0.000000 1.000000 
1.000000 1.090000 
2.000000 1.096000 
3.000000 1.112000 
4.000000 1.128000 
5.000000 1.136000 
6.000000 1.146000 
7.000000 1.160000 
8.000000 1.168000 
9.000000 1.186000 
10.000000 1.200000 
11.000000 1.208000 
12.000000 1.228000 
13.000000 1.230000 
14.000000 1.236000 
15.000000 1.248000 
16.000000 1.256000 
17.000000 1.276000 
18.000000 1.290000 
19.000000 1.292000 
20.000000 1.300000 
21.000000 1.316000 
22.000000 1.332000 
23.000000 1.348000 
24.000000 1.370000 
25.000000 1.380000 
26.000000 1.400000 
27.000000 1.414000 
28.000000 1.428000 
29.000000 1.440000 
30.000000 1.452000 
31.000000 1.466000 
32.000000 1.468000 
33.000000 1.482000 
34.000000 1.494000 
35.000000 1.504000 
36.000000 1.512000 
37.000000 1.536000 
38.000000 1.548000 
39.000000 1.560000 
40.000000 1.566000 
41.000000 1.584000 
42.000000 1.606000 
43.000000 1.622000 
44.000000 1.628000 
45.000000 1.640000 
46.000000 1.652000 
47.000000 1.656000 
48.000000 1.672000 
49.000000 1.678000 
50.000000 1.694000 
51.000000 1.702000 
52.000000 1.718000 
53.000000 1.728000 
54.000000 1.742000 
55.000000 1.754000 
56.000000 1.770000 
57.000000 1.786000 
58.000000 1.794000 
59.000000 1.802000 
60.000000 1.824000 
61.000000 1.844000 
62.000000 1.856000 
63.000000 1.880000 
64.000000 1.892000 
65.000000 1.910000 
66.000000 1.926000 
67.000000 1.940000 
68.000000 1.952000 
69.000000 1.972000 
70.000000 1.988000 
71.000000 2.010000 
72.000000 2.030000 
73.000000 2.048000 
74.000000 2.060000 
75.000000 2.080000 
76.000000 2.096000 
77.000000 2.120000 
78.000000 2.138000 
79.000000 2.156000 
80.000000 2.166000 
81.000000 2.182000 
82.000000 2.192000 
83.000000 2.202000 
84.000000 2.226000 
85.000000 2.252000 
86.000000 2.274000 
87.000000 2.292000 
88.000000 2.320000 
89.000000 2.336000 
90.000000 2.354000 
91.000000 2.372000 
92.000000 2.386000 
93.000000 2.408000 
94.000000 2.432000 
95.000000 2.454000 
96.000000 2.482000 
97.000000 2.504000 
98.000000 2.520000 
99.000000 2.536000 
100.000000 2.558000 
101.000000 2.584000 
102.000000 2.598000 
103.000000 2.618000 
104.000000 2.630000 
105.000000 2.652000 
106.000000 2.674000 
107.000000 2.694000 
108.000000 2.716000 
109.000000 2.734000 
110.000000 2.760000 
111.000000 2.776000 
112.000000 2.790000 
113.000000 2.810000 
114.000000 2.838000 
115.000000 2.856000 
116.000000 2.870000 
117.000000 2.894000 
118.000000 2.930000 
119.000000 2.946000 
120.000000 2.968000 
121.000000 2.990000 
122.000000 3.004000 
123.000000 3.042000 
124.000000 3.064000 
125.000000 3.102000 
126.000000 3.128000 
127.000000 3.162000 
128.000000 3.180000 
129.000000 3.206000 
130.000000 3.234000 
131.000000 3.270000 
132.000000 3.304000 
133.000000 3.326000 
134.000000 3.362000 
135.000000 3.392000 
136.000000 3.434000 
137.000000 3.458000 
138.000000 3.476000 
139.000000 3.520000 
140.000000 3.548000 
141.000000 3.582000 
142.000000 3.612000 
143.000000 3.644000 
144.000000 3.670000 
145.000000 3.698000 
146.000000 3.744000 
147.000000 3.770000 
148.000000 3.800000 
149.000000 3.836000 
150.000000 3.866000 
151.000000 3.910000 
152.000000 3.932000 
153.000000 3.972000 
154.000000 4.006000 
155.000000 4.052000 
156.000000 4.080000 
157.000000 4.098000 
158.000000 4.118000 
159.000000 4.170000 
160.000000 4.202000 
161.000000 4.230000 
162.000000 4.256000 
163.000000 4.304000 
164.000000 4.336000 
165.000000 4.370000 
166.000000 4.410000 
167.000000 4.448000 
168.000000 4.492000 
169.000000 4.528000 
170.000000 4.580000 
171.000000 4.606000 
172.000000 4.638000 
173.000000 4.688000 
174.000000 4.728000 
175.000000 4.784000 
176.000000 4.846000 
177.000000 4.886000 
178.000000 4.932000 
179.000000 4.966000 
180.000000 4.994000 
181.000000 5.030000 
182.000000 5.078000 
183.000000 5.116000 
184.000000 5.160000 
185.000000 5.220000 
186.000000 5.256000 
187.000000 5.296000 
188.000000 5.350000 
189.000000 5.406000 
190.000000 5.460000 
191.000000 5.506000 
192.000000 5.548000 
193.000000 5.596000 
194.000000 5.630000 
195.000000 5.684000 
196.000000 5.728000 
197.000000 5.776000 
198.000000 5.824000 
199.000000 5.878000 
200.000000 5.932000 
201.000000 5.986000 
202.000000 6.036000 
203.000000 6.076000 
204.000000 6.128000 
205.000000 6.180000 
206.000000 6.224000 
207.000000 6.270000 
208.000000 6.320000 
209.000000 6.366000 
210.000000 6.416000 
211.000000 6.474000 
212.000000 6.538000 
213.000000 6.594000 
214.000000 6.652000 
215.000000 6.716000 
216.000000 6.786000 
217.000000 6.830000 
218.000000 6.882000 
219.000000 6.934000 
220.000000 6.982000 
221.000000 7.042000 
222.000000 7.098000 
223.000000 7.148000 
224.000000 7.200000 
225.000000 7.240000 
226.000000 7.286000 
227.000000 7.328000 
228.000000 7.378000 
229.000000 7.448000 
230.000000 7.502000 
231.000000 7.550000 
232.000000 7.614000 
233.000000 7.684000 
234.000000 7.752000 
235.000000 7.800000 
236.000000 7.852000 
237.000000 7.924000 
238.000000 7.980000 
239.000000 8.032000 
240.000000 8.084000 
241.000000 8.144000 
242.000000 8.208000 
243.000000 8.276000 
244.000000 8.338000 
245.000000 8.414000 
246.000000 8.480000 
247.000000 8.546000 
248.000000 8.602000 
249.000000 8.684000 
250.000000 8.746000 
251.000000 8.822000 
252.000000 8.910000 
253.000000 8.980000 
254.000000 9.050000 
255.000000 9.114000 
256.000000 9.178000 
257.000000 9.250000 
258.000000 9.314000 
259.000000 9.392000 
260.000000 9.474000 
261.000000 9.542000 
262.000000 9.628000 
263.000000 9.696000 
264.000000 9.778000 
265.000000 9.870000 
266.000000 9.954000 
267.000000 10.042000 
268.000000 10.094000 
269.000000 10.166000 
270.000000 10.240000 
271.000000 10.346000 
272.000000 10.448000 
273.000000 10.542000 
274.000000 10.620000 
275.000000 10.712000 
276.000000 10.784000 
277.000000 10.866000 
278.000000 10.960000 
279.000000 11.050000 
280.000000 11.126000 
281.000000 11.222000 
282.000000 11.316000 
283.000000 11.424000 
284.000000 11.516000 
285.000000 11.616000 
286.000000 11.714000 
287.000000 11.816000 
288.000000 11.916000 
289.000000 12.012000 
290.000000 12.084000 
291.000000 12.160000 
292.000000 12.260000 
293.000000 12.360000 
294.000000 12.474000 
295.000000 12.574000 
296.000000 12.676000 
297.000000 12.804000 
298.000000 12.898000 
299.000000 13.004000 
300.000000 13.104000 
301.000000 13.210000 
302.000000 13.328000 
303.000000 13.410000 
304.000000 13.526000 
305.000000 13.626000 
306.000000 13.740000 
307.000000 13.854000 
308.000000 13.972000 
309.000000 14.092000 
310.000000 14.196000 
311.000000 14.322000 
312.000000 14.438000 
313.000000 14.516000 
314.000000 14.634000 
315.000000 14.770000 
316.000000 14.894000 
317.000000 15.020000 
318.000000 15.124000 
319.000000 15.236000 
320.000000 15.352000 
321.000000 15.524000 
322.000000 15.650000 
323.000000 15.768000 
324.000000 15.912000 
325.000000 16.020000 
326.000000 16.142000 
327.000000 16.220000 
328.000000 16.338000 
329.000000 16.472000 
330.000000 16.596000 
331.000000 16.698000 
332.000000 16.846000 
333.000000 16.982000 
334.000000 17.114000 
335.000000 17.232000 
336.000000 17.378000 
337.000000 17.518000 
338.000000 17.632000 
339.000000 17.772000 
340.000000 17.920000 
341.000000 18.054000 
342.000000 18.198000 
343.000000 18.324000 
344.000000 18.472000 
345.000000 18.624000 
346.000000 18.784000 
347.000000 18.948000 
348.000000 19.096000 
349.000000 19.266000 
350.000000 19.410000 
351.000000 19.516000 
352.000000 19.680000 
353.000000 19.838000 
354.000000 20.036000 
355.000000 20.168000 
356.000000 20.348000 
357.000000 20.484000 
358.000000 20.654000 
359.000000 20.804000 
360.000000 20.944000 
361.000000 21.098000 
362.000000 21.284000 
363.000000 21.444000 
364.000000 21.618000 
365.000000 21.770000 
366.000000 21.946000 
367.000000 22.138000 
368.000000 22.318000 
369.000000 22.472000 
370.000000 22.656000 
371.000000 22.834000 
372.000000 22.978000 
373.000000 23.118000 
374.000000 23.308000 
375.000000 23.524000 
376.000000 23.706000 
377.000000 23.894000 
378.000000 24.052000 
379.000000 24.196000 
380.000000 24.360000 
381.000000 24.544000 
382.000000 24.714000 
383.000000 24.916000 
384.000000 25.098000 
385.000000 25.284000 
386.000000 25.482000 
387.000000 25.660000 
388.000000 25.840000 
389.000000 26.024000 
390.000000 26.226000 
391.000000 26.424000 
392.000000 26.620000 
393.000000 26.850000 
394.000000 27.052000 
395.000000 27.210000 
396.000000 27.404000 
397.000000 27.578000 
398.000000 27.776000 
399.000000 27.976000 
400.000000 28.138000 
401.000000 28.340000 
402.000000 28.574000 
403.000000 28.758000 
404.000000 28.990000 
405.000000 29.198000 
406.000000 29.412000 
407.000000 29.632000 
408.000000 29.864000 
409.000000 30.078000 
410.000000 30.304000 
411.000000 30.542000 
412.000000 30.758000 
413.000000 30.982000 
414.000000 31.200000 
415.000000 31.404000 
416.000000 31.658000 
417.000000 31.832000 
418.000000 32.104000 
419.000000 32.370000 
420.000000 32.608000 
421.000000 32.852000 
422.000000 33.074000 
423.000000 33.328000 
424.000000 33.554000 
425.000000 33.794000 
426.000000 34.014000 
427.000000 34.266000 
428.000000 34.472000 
429.000000 34.700000 
430.000000 34.928000 
431.000000 35.240000 
432.000000 35.494000 
433.000000 35.742000 
434.000000 36.014000 
435.000000 36.222000 
436.000000 36.504000 
437.000000 36.720000 
438.000000 37.018000 
439.000000 37.266000 
440.000000 37.520000 
441.000000 37.790000 
442.000000 38.054000 
443.000000 38.340000 
444.000000 38.600000 
445.000000 38.882000 
446.000000 39.116000 
447.000000 39.366000 
448.000000 39.616000 
449.000000 39.948000 
450.000000 40.200000 
451.000000 40.494000 
452.000000 40.742000 
453.000000 41.022000 
454.000000 41.324000 
455.000000 41.630000 
456.000000 41.902000 
457.000000 42.212000 
458.000000 42.492000 
459.000000 42.822000 
460.000000 43.174000 
461.000000 43.456000 
462.000000 43.782000 
463.000000 44.110000 
464.000000 44.406000 
465.000000 44.752000 
466.000000 45.052000 
467.000000 45.350000 
468.000000 45.680000 
469.000000 45.986000 
470.000000 46.318000 
471.000000 46.652000 
472.000000 46.982000 
473.000000 47.262000 
474.000000 47.606000 
475.000000 47.950000 
476.000000 48.282000 
477.000000 48.630000 
478.000000 48.986000 
479.000000 49.316000 
480.000000 49.674000 
481.000000 49.982000 
482.000000 50.348000 
483.000000 50.638000 
484.000000 50.970000 
485.000000 51.298000 
486.000000 51.630000 
487.000000 51.978000 
488.000000 52.344000 
489.000000 52.764000 
490.000000 53.094000 
491.000000 53.404000 
492.000000 53.770000 
493.000000 54.202000 
494.000000 54.596000 
495.000000 54.984000 
496.000000 55.380000 
497.000000 55.776000 
498.000000 56.164000 
499.000000 56.528000 
500.000000 56.920000 
501.000000 57.266000 
502.000000 57.654000 
503.000000 58.004000 
504.000000 58.382000 
505.000000 58.818000 
506.000000 59.194000 
507.000000 59.502000 
508.000000 59.840000 
509.000000 60.266000 
510.000000 60.622000 
511.000000 61.032000 
512.000000 61.466000 
513.000000 61.898000 
514.000000 62.328000 
515.000000 62.726000 
516.000000 63.096000 
517.000000 63.482000 
518.000000 63.866000 
519.000000 64.252000 
520.000000 64.674000 
521.000000 65.152000 
522.000000 65.588000 
523.000000 66.038000 
524.000000 66.372000 
525.000000 66.774000 
526.000000 67.180000 
527.000000 67.632000 
528.000000 68.036000 
529.000000 68.514000 
530.000000 68.904000 
531.000000 69.292000 
532.000000 69.754000 
533.000000 70.194000 
534.000000 70.652000 
535.000000 71.060000 
536.000000 71.520000 
537.000000 71.960000 
538.000000 72.394000 
539.000000 72.876000 
540.000000 73.296000 
541.000000 73.756000 
542.000000 74.202000 
543.000000 74.716000 
544.000000 75.176000 
545.000000 75.680000 
546.000000 76.166000 
547.000000 76.658000 
548.000000 77.054000 
549.000000 77.528000 
550.000000 77.896000 
551.000000 78.398000 
552.000000 78.778000 
553.000000 79.282000 
554.000000 79.718000 
555.000000 80.156000 
556.000000 80.666000 
557.000000 81.200000 
558.000000 81.672000 
559.000000 82.182000 
560.000000 82.630000 
561.000000 83.102000 
562.000000 83.582000 
563.000000 84.038000 
564.000000 84.500000 
565.000000 85.042000 
566.000000 85.468000 
567.000000 86.000000 
568.000000 86.572000 
569.000000 87.098000 
570.000000 87.606000 
571.000000 88.118000 
572.000000 88.648000 
573.000000 89.230000 
574.000000 89.748000 
575.000000 90.294000 
576.000000 90.808000 
577.000000 91.306000 
578.000000 91.802000 
579.000000 92.398000 
580.000000 92.912000 
581.000000 93.440000 
582.000000 93.958000 
583.000000 94.476000 
584.000000 94.930000 
585.000000 95.484000 
586.000000 96.004000 
587.000000 96.584000 
588.000000 97.148000 
589.000000 97.682000 
590.000000 98.204000 
591.000000 98.770000 
592.000000 99.248000 
593.000000 99.784000 
594.000000 100.312000 
595.000000 100.886000 
596.000000 101.478000 
597.000000 102.028000 
598.000000 102.686000 
599.000000 103.302000 
600.000000 103.944000 
601.000000 104.486000 
602.000000 105.028000 
603.000000 105.674000 
604.000000 106.326000 
605.000000 106.898000 
606.000000 107.442000 
607.000000 108.016000 
608.000000 108.568000 
609.000000 109.192000 
610.000000 109.816000 
611.000000 110.390000 
612.000000 110.940000 
613.000000 111.536000 
614.000000 112.076000 
615.000000 112.672000 
616.000000 113.284000 
617.000000 113.930000 
618.000000 114.520000 
619.000000 115.092000 
620.000000 115.694000 
621.000000 116.304000 
622.000000 116.940000 
623.000000 117.562000 
624.000000 118.208000 
625.000000 118.872000 
626.000000 119.536000 
627.000000 120.154000 
628.000000 120.874000 
629.000000 121.520000 
630.000000 122.154000 
631.000000 122.756000 
632.000000 123.406000 
633.000000 124.000000 
634.000000 124.674000 
635.000000 125.376000 
636.000000 125.986000 
637.000000 126.672000 
638.000000 127.354000 
639.000000 128.006000 
640.000000 128.674000 
641.000000 129.318000 
642.000000 129.950000 
643.000000 130.650000 
644.000000 131.288000 
645.000000 132.008000 
646.000000 132.662000 
647.000000 133.276000 
648.000000 133.874000 
649.000000 134.544000 
650.000000 135.198000 
651.000000 135.948000 
652.000000 136.554000 
653.000000 137.210000 
654.000000 137.974000 
655.000000 138.636000 
656.000000 139.364000 
657.000000 140.118000 
658.000000 140.926000 
659.000000 141.554000 
660.000000 142.266000 
661.000000 142.964000 
662.000000 143.740000 
663.000000 144.498000 
664.000000 145.244000 
665.000000 145.858000 
666.000000 146.530000 
667.000000 147.232000 
668.000000 147.932000 
669.000000 148.564000 
670.000000 149.318000 
671.000000 149.970000 
672.000000 150.686000 
673.000000 151.378000 
674.000000 152.166000 
675.000000 152.836000 
676.000000 153.460000 
677.000000 154.176000 
678.000000 154.898000 
679.000000 155.600000 
680.000000 156.294000 
681.000000 157.056000 
682.000000 157.748000 
683.000000 158.456000 
684.000000 159.142000 
685.000000 159.790000 
686.000000 160.518000 
687.000000 161.234000 
688.000000 161.944000 
689.000000 162.720000 
690.000000 163.548000 
691.000000 164.368000 
692.000000 165.082000 
693.000000 165.846000 
694.000000 166.678000 
695.000000 167.400000 
696.000000 168.138000 
697.000000 168.794000 
698.000000 169.456000 
699.000000 170.256000 
700.000000 171.018000 
701.000000 171.822000 
702.000000 172.602000 
703.000000 173.424000 
704.000000 174.122000 
705.000000 174.876000 
706.000000 175.640000 
707.000000 176.436000 
708.000000 177.256000 
709.000000 178.000000 
710.000000 178.710000 
711.000000 179.520000 
712.000000 180.424000 
713.000000 181.208000 
714.000000 181.988000 
715.000000 182.706000 
716.000000 183.578000 
717.000000 184.368000 
718.000000 185.142000 
719.000000 185.886000 
720.000000 186.650000 
721.000000 187.376000 
722.000000 188.240000 
723.000000 189.016000 
724.000000 189.824000 
725.000000 190.698000 
726.000000 191.500000 
727.000000 192.204000 
728.000000 192.980000 
729.000000 193.802000 
730.000000 194.576000 
731.000000 195.378000 
732.000000 196.350000 
733.000000 197.228000 
734.000000 198.060000 
735.000000 198.846000 
736.000000 199.576000 
737.000000 200.228000 
738.000000 200.950000 
739.000000 201.820000 
740.000000 202.616000 
741.000000 203.540000 
742.000000 204.392000 
743.000000 205.246000 
744.000000 206.146000 
745.000000 206.944000 
746.000000 207.818000 
747.000000 208.740000 
748.000000 209.528000 
749.000000 210.234000 
750.000000 211.042000 
751.000000 211.884000 
752.000000 212.642000 
753.000000 213.298000 
754.000000 214.046000 
755.000000 214.866000 
756.000000 215.606000 
757.000000 216.492000 
758.000000 217.218000 
759.000000 217.942000 
760.000000 218.654000 
761.000000 219.516000 
762.000000 220.312000 
763.000000 221.074000 
764.000000 221.816000 
765.000000 222.628000 
766.000000 223.308000 
767.000000 224.116000 
768.000000 224.982000 
769.000000 225.806000 
770.000000 226.692000 
771.000000 227.356000 
772.000000 228.234000 
773.000000 229.106000 
774.000000 229.996000 
775.000000 230.864000 
776.000000 231.756000 
777.000000 232.558000 
778.000000 233.362000 
779.000000 234.182000 
780.000000 234.992000 
781.000000 235.816000 
782.000000 236.812000 
783.000000 237.600000 
784.000000 238.372000 
785.000000 239.158000 
786.000000 239.950000 
787.000000 240.714000 
788.000000 241.570000 
789.000000 242.298000 
790.000000 243.048000 
791.000000 243.860000 
792.000000 244.592000 
793.000000 245.512000 
794.000000 246.248000 
795.000000 247.040000 
796.000000 247.878000 
797.000000 248.656000 
798.000000 249.416000 
799.000000 250.202000 
800.000000 250.820000 
801.000000 251.610000 
802.000000 252.492000 
803.000000 253.336000 
804.000000 254.224000 
805.000000 254.872000 
806.000000 255.680000 
807.000000 256.584000 
808.000000 257.388000 
809.000000 258.296000 
810.000000 259.166000 
811.000000 259.996000 
812.000000 260.736000 
813.000000 261.536000 
814.000000 262.182000 
815.000000 262.886000 
816.000000 263.722000 
817.000000 264.406000 
818.000000 265.196000 
819.000000 266.100000 
820.000000 266.872000 
821.000000 267.678000 
822.000000 268.362000 
823.000000 269.138000 
824.000000 270.018000 
825.000000 270.710000 
826.000000 271.482000 
827.000000 272.212000 
828.000000 272.964000 
829.000000 273.728000 
830.000000 274.516000 
831.000000 275.306000 
832.000000 276.116000 
833.000000 276.846000 
834.000000 277.560000 
835.000000 278.396000 
836.000000 279.154000 
837.000000 279.886000 
838.000000 280.578000 
839.000000 281.430000 
840.000000 282.250000 
841.000000 282.970000 
842.000000 283.736000 
843.000000 284.448000 
844.000000 285.238000 
845.000000 286.108000 
846.000000 287.020000 
847.000000 287.800000 
848.000000 288.562000 
849.000000 289.232000 
850.000000 290.068000 
851.000000 290.882000 
852.000000 291.858000 
853.000000 292.524000 
854.000000 293.178000 
855.000000 293.890000 
856.000000 294.718000 
857.000000 295.528000 
858.000000 296.250000 
859.000000 297.012000 
860.000000 297.752000 
861.000000 298.376000 
862.000000 299.138000 
863.000000 300.092000 
864.000000 300.942000 
865.000000 301.862000 
866.000000 302.540000 
867.000000 303.120000 
868.000000 303.856000 
869.000000 304.592000 
870.000000 305.214000 
871.000000 305.902000 
872.000000 306.694000 
873.000000 307.468000 
874.000000 308.196000 
875.000000 308.826000 
876.000000 309.608000 
877.000000 310.426000 
878.000000 311.272000 
879.000000 311.980000 
880.000000 312.754000 
881.000000 313.418000 
882.000000 314.210000 
883.000000 314.892000 
884.000000 315.724000 
885.000000 316.486000 
886.000000 317.244000 
887.000000 317.954000 
888.000000 318.664000 
889.000000 319.334000 
890.000000 319.928000 
891.000000 320.728000 
892.000000 321.468000 
893.000000 322.140000 
894.000000 322.926000 
895.000000 323.506000 
896.000000 324.168000 
897.000000 324.696000 
898.000000 325.358000 
899.000000 326.076000 
900.000000 326.788000 
901.000000 327.576000 
902.000000 328.302000 
903.000000 328.970000 
904.000000 329.460000 
905.000000 330.216000 
906.000000 330.852000 
907.000000 331.606000 
908.000000 332.258000 
909.000000 332.852000 
910.000000 333.474000 
911.000000 334.214000 
912.000000 334.800000 
913.000000 335.530000 
914.000000 336.344000 
915.000000 337.132000 
916.000000 337.718000 
917.000000 338.396000 
918.000000 339.074000 
919.000000 339.902000 
920.000000 340.832000 
921.000000 341.692000 
922.000000 342.332000 
923.000000 343.056000 
924.000000 343.766000 
925.000000 344.270000 
926.000000 345.022000 
927.000000 345.624000 
928.000000 346.408000 
929.000000 347.016000 
930.000000 347.722000 
931.000000 348.366000 
932.000000 349.044000 
933.000000 349.710000 
934.000000 350.202000 
935.000000 350.720000 
936.000000 351.416000 
937.000000 352.128000 
938.000000 352.618000 
939.000000 353.454000 
940.000000 354.080000 
941.000000 354.772000 
942.000000 355.474000 
943.000000 356.116000 
944.000000 356.794000 
945.000000 357.378000 
946.000000 357.926000 
947.000000 358.474000 
948.000000 359.188000 
949.000000 359.772000 
950.000000 360.386000 
951.000000 360.918000 
952.000000 361.606000 
953.000000 362.096000 
954.000000 362.764000 
955.000000 363.520000 
956.000000 364.038000 
957.000000 364.524000 
958.000000 365.094000 
959.000000 365.718000 
960.000000 366.252000 
961.000000 366.984000 
962.000000 367.586000 
963.000000 368.256000 
964.000000 368.702000 
965.000000 369.302000 
966.000000 369.910000 
967.000000 370.560000 
968.000000 371.002000 
969.000000 371.658000 
970.000000 372.238000 
971.000000 372.876000 
972.000000 373.392000 
973.000000 373.942000 
974.000000 374.548000 
975.000000 375.210000 
976.000000 375.656000 
977.000000 376.158000 
978.000000 376.762000 
979.000000 377.396000 
980.000000 378.004000 
981.000000 378.626000 
982.000000 379.150000 
983.000000 379.618000 
984.000000 380.156000 
985.000000 380.628000 
986.000000 381.032000 
987.000000 381.642000 
988.000000 382.130000 
989.000000 382.546000 
990.000000 383.058000 
991.000000 383.636000 
992.000000 384.258000 
993.000000 384.816000 
994.000000 385.358000 
995.000000 386.124000 
996.000000 386.720000 
997.000000 387.056000 
998.000000 387.594000 
999.000000 387.996000 
1000.000000 388.510000 
1001.000000 389.060000 
1002.000000 389.654000 
1003.000000 390.126000 
1004.000000 390.860000 
1005.000000 391.562000 
1006.000000 392.016000 
1007.000000 392.472000 
1008.000000 392.894000 
1009.000000 393.366000 
1010.000000 393.924000 
1011.000000 394.332000 
1012.000000 394.898000 
1013.000000 395.634000 
1014.000000 396.120000 
1015.000000 396.728000 
1016.000000 397.136000 
1017.000000 397.570000 
1018.000000 398.106000 
1019.000000 398.536000 
1020.000000 399.118000 
1021.000000 399.508000 
1022.000000 399.966000 
1023.000000 400.510000 
1024.000000 401.064000 
1025.000000 401.602000 
1026.000000 402.224000 
1027.000000 402.710000 
1028.000000 403.332000 
1029.000000 403.762000 
1030.000000 404.462000 
1031.000000 404.898000 
1032.000000 405.486000 
1033.000000 406.068000 
1034.000000 406.584000 
1035.000000 406.918000 
1036.000000 407.312000 
1037.000000 407.862000 
1038.000000 408.400000 
1039.000000 408.886000 
1040.000000 409.378000 
1041.000000 409.806000 
1042.000000 410.400000 
1043.000000 410.792000 
1044.000000 411.318000 
1045.000000 411.810000 
1046.000000 412.026000 
1047.000000 412.422000 
1048.000000 412.832000 
1049.000000 413.198000 
1050.000000 413.548000 
1051.000000 413.854000 
1052.000000 414.274000 
1053.000000 414.730000 
1054.000000 415.202000 
1055.000000 415.482000 
1056.000000 415.832000 
1057.000000 416.364000 
1058.000000 416.884000 
1059.000000 417.410000 
1060.000000 417.844000 
1061.000000 418.414000 
1062.000000 418.912000 
1063.000000 419.242000 
1064.000000 419.586000 
1065.000000 420.020000 
1066.000000 420.210000 
1067.000000 420.618000 
1068.000000 421.118000 
1069.000000 421.508000 
1070.000000 421.954000 
1071.000000 422.360000 
1072.000000 422.722000 
1073.000000 423.080000 
1074.000000 423.458000 
1075.000000 423.974000 
1076.000000 424.322000 
1077.000000 424.680000 
1078.000000 424.996000 
1079.000000 425.408000 
1080.000000 425.736000 
1081.000000 426.072000 
1082.000000 426.474000 
1083.000000 426.688000 
1084.000000 427.032000 
1085.000000 427.382000 
1086.000000 427.926000 
1087.000000 428.296000 
1088.000000 428.676000 
1089.000000 428.886000 
1090.000000 429.274000 
1091.000000 429.628000 
1092.000000 430.114000 
1093.000000 430.688000 
1094.000000 431.136000 
1095.000000 431.450000 
1096.000000 431.926000 
1097.000000 432.408000 
1098.000000 432.786000 
1099.000000 432.974000 
1100.000000 433.368000 
1101.000000 433.722000 
1102.000000 434.152000 
1103.000000 434.556000 
1104.000000 434.990000 
1105.000000 435.374000 
1106.000000 435.580000 
1107.000000 435.820000 
1108.000000 436.084000 
1109.000000 436.418000 
1110.000000 436.760000 
1111.000000 437.234000 
1112.000000 437.488000 
1113.000000 437.794000 
1114.000000 438.190000 
1115.000000 438.358000 
1116.000000 438.826000 
1117.000000 439.098000 
1118.000000 439.402000 
1119.000000 439.850000 
1120.000000 440.204000 
1121.000000 440.636000 
1122.000000 440.996000 
1123.000000 441.434000 
1124.000000 441.644000 
1125.000000 441.948000 
1126.000000 442.004000 
1127.000000 442.244000 
1128.000000 442.628000 
1129.000000 442.958000 
1130.000000 443.334000 
1131.000000 443.686000 
1132.000000 443.936000 
1133.000000 444.368000 
1134.000000 444.742000 
1135.000000 444.892000 
1136.000000 445.046000 
1137.000000 445.252000 
1138.000000 445.682000 
1139.000000 446.016000 
1140.000000 446.348000 
1141.000000 446.866000 
1142.000000 447.314000 
1143.000000 447.514000 
1144.000000 447.844000 
1145.000000 448.036000 
1146.000000 448.250000 
1147.000000 448.652000 
1148.000000 448.928000 
1149.000000 449.160000 
1150.000000 449.472000 
1151.000000 449.674000 
1152.000000 450.014000 
1153.000000 450.062000 
1154.000000 450.322000 
1155.000000 450.686000 
1156.000000 451.210000 
1157.000000 451.472000 
1158.000000 451.652000 
1159.000000 452.026000 
1160.000000 452.358000 
1161.000000 452.714000 
1162.000000 453.014000 
1163.000000 453.396000 
1164.000000 453.672000 
1165.000000 454.120000 
1166.000000 454.306000 
1167.000000 454.450000 
1168.000000 454.860000 
1169.000000 455.220000 
1170.000000 455.446000 
1171.000000 455.770000 
1172.000000 456.154000 
1173.000000 456.516000 
1174.000000 456.752000 
1175.000000 456.856000 
1176.000000 457.050000 
1177.000000 457.256000 
1178.000000 457.436000 
1179.000000 457.600000 
1180.000000 457.846000 
1181.000000 458.074000 
1182.000000 458.320000 
1183.000000 458.672000 
1184.000000 458.748000 
1185.000000 459.110000 
1186.000000 459.402000 
1187.000000 459.788000 
1188.000000 459.946000 
1189.000000 460.054000 
1190.000000 460.402000 
1191.000000 460.638000 
1192.000000 461.086000 
1193.000000 461.220000 
1194.000000 461.382000 
1195.000000 461.788000 
1196.000000 461.846000 
1197.000000 462.006000 
1198.000000 462.404000 
1199.000000 462.610000 
1200.000000 462.866000 
1201.000000 463.278000 
1202.000000 463.510000 
1203.000000 463.628000 
1204.000000 463.814000 
1205.000000 463.968000 
1206.000000 464.218000 
1207.000000 464.380000 
1208.000000 464.620000 
1209.000000 464.646000 
1210.000000 464.900000 
1211.000000 465.050000 
1212.000000 465.258000 
1213.000000 465.404000 
1214.000000 465.594000 
1215.000000 465.718000 
1216.000000 465.894000 
1217.000000 466.074000 
1218.000000 466.308000 
1219.000000 466.680000 
1220.000000 467.122000 
1221.000000 467.368000 
1222.000000 467.438000 
1223.000000 467.618000 
1224.000000 467.954000 
1225.000000 468.160000 
1226.000000 468.252000 
1227.000000 468.302000 
1228.000000 468.502000 
1229.000000 468.584000 
1230.000000 468.606000 
1231.000000 468.644000 
1232.000000 468.772000 
1233.000000 468.940000 
1234.000000 469.144000 
1235.000000 469.176000 
1236.000000 469.250000 
1237.000000 469.370000 
1238.000000 469.568000 
1239.000000 469.686000 
1240.000000 469.916000 
1241.000000 470.026000 
1242.000000 470.358000 
1243.000000 470.682000 
1244.000000 470.854000 
1245.000000 471.024000 
1246.000000 471.032000 
1247.000000 471.162000 
1248.000000 471.172000 
1249.000000 471.340000 
1250.000000 471.426000 
1251.000000 471.612000 
1252.000000 471.850000 
1253.000000 471.966000 
1254.000000 472.080000 
1255.000000 472.234000 
1256.000000 472.466000 
1257.000000 472.482000 
1258.000000 472.688000 
1259.000000 472.826000 
1260.000000 472.894000 
1261.000000 472.982000 
1262.000000 473.160000 
1263.000000 473.334000 
1264.000000 473.380000 
1265.000000 473.530000 
1266.000000 473.696000 
1267.000000 473.878000 
1268.000000 473.996000 
1269.000000 473.918000 
1270.000000 474.070000 
1271.000000 474.210000 
1272.000000 474.238000 
1273.000000 474.296000 
1274.000000 474.184000 
1275.000000 474.344000 
1276.000000 474.484000 
1277.000000 474.954000 
1278.000000 475.298000 
1279.000000 475.290000 
1280.000000 475.508000 
1281.000000 475.544000 
1282.000000 475.620000 
1283.000000 475.484000 
1284.000000 475.534000 
1285.000000 475.632000 
1286.000000 475.866000 
1287.000000 475.992000 
1288.000000 476.078000 
1289.000000 476.346000 
1290.000000 476.516000 
1291.000000 476.624000 
1292.000000 476.690000 
1293.000000 476.982000 
1294.000000 477.188000 
1295.000000 477.392000 
1296.000000 477.574000 
1297.000000 477.610000 
1298.000000 477.770000 
1299.000000 477.930000 
1300.000000 478.202000 
1301.000000 478.078000 
1302.000000 478.160000 
1303.000000 478.120000 
1304.000000 478.132000 
1305.000000 478.198000 
1306.000000 478.170000 
1307.000000 478.324000 
1308.000000 478.312000 
1309.000000 478.196000 
1310.000000 478.094000 
1311.000000 478.106000 
1312.000000 478.318000 
1313.000000 478.270000 
1314.000000 478.620000 
1315.000000 478.932000 
1316.000000 479.212000 
1317.000000 479.490000 
1318.000000 479.684000 
1319.000000 479.746000 
1320.000000 479.844000 
1321.000000 479.900000 
1322.000000 479.996000 
1323.000000 480.160000 
1324.000000 480.352000 
1325.000000 480.434000 
1326.000000 480.554000 
1327.000000 480.540000 
1328.000000 480.594000 
1329.000000 480.814000 
1330.000000 480.844000 
1331.000000 481.068000 
1332.000000 480.970000 
1333.000000 481.142000 
1334.000000 481.132000 
1335.000000 481.294000 
1336.000000 481.596000 
1337.000000 481.654000 
1338.000000 481.914000 
1339.000000 482.340000 
1340.000000 482.486000 
1341.000000 482.308000 
1342.000000 482.356000 
1343.000000 482.340000 
1344.000000 482.460000 
1345.000000 482.558000 
1346.000000 482.596000 
1347.000000 482.834000 
1348.000000 482.964000 
1349.000000 483.248000 
1350.000000 483.422000 
1351.000000 483.464000 
1352.000000 483.754000 
1353.000000 483.516000 
1354.000000 483.606000 
1355.000000 483.784000 
1356.000000 483.948000 
1357.000000 483.942000 
1358.000000 484.040000 
1359.000000 484.188000 
1360.000000 484.218000 
1361.000000 484.364000 
1362.000000 484.514000 
1363.000000 484.720000 
1364.000000 484.776000 
1365.000000 484.868000 
1366.000000 485.124000 
1367.000000 485.264000 
1368.000000 485.384000 
1369.000000 485.390000 
1370.000000 485.610000 
1371.000000 485.658000 
1372.000000 485.782000 
1373.000000 485.836000 
1374.000000 486.054000 
1375.000000 485.960000 
1376.000000 486.004000 
1377.000000 486.096000 
1378.000000 486.150000 
1379.000000 486.166000 
1380.000000 486.208000 
1381.000000 486.220000 
1382.000000 486.212000 
1383.000000 486.320000 
1384.000000 486.456000 
1385.000000 486.524000 
1386.000000 486.760000 
1387.000000 486.900000 
1388.000000 487.102000 
1389.000000 487.270000 
1390.000000 487.356000 
1391.000000 487.664000 
1392.000000 487.838000 
1393.000000 487.846000 
1394.000000 488.046000 
1395.000000 488.104000 
1396.000000 488.264000 
1397.000000 488.406000 
1398.000000 488.564000 
1399.000000 488.714000 
1400.000000 488.780000 
1401.000000 488.768000 
1402.000000 488.952000 
1403.000000 489.030000 
1404.000000 488.978000 
1405.000000 489.026000 
1406.000000 489.018000 
1407.000000 489.040000 
1408.000000 489.032000 
1409.000000 489.016000 
1410.000000 489.144000 
1411.000000 488.946000 
1412.000000 489.104000 
1413.000000 489.096000 
1414.000000 489.186000 
1415.000000 489.486000 
1416.000000 489.436000 
1417.000000 489.592000 
1418.000000 489.792000 
1419.000000 489.834000 
1420.000000 490.136000 
1421.000000 490.148000 
1422.000000 490.164000 
1423.000000 490.210000 
1424.000000 490.458000 
1425.000000 490.606000 
1426.000000 490.642000 
1427.000000 490.788000 
1428.000000 490.924000 
1429.000000 491.134000 
1430.000000 490.884000 
1431.000000 491.022000 
1432.000000 491.052000 
1433.000000 491.186000 
1434.000000 491.196000 
1435.000000 491.188000 
1436.000000 491.182000 
1437.000000 491.164000 
1438.000000 491.136000 
1439.000000 491.326000 
1440.000000 491.426000 
1441.000000 491.478000 
1442.000000 491.606000 
1443.000000 491.768000 
1444.000000 491.910000 
1445.000000 492.172000 
1446.000000 492.132000 
1447.000000 491.972000 
1448.000000 491.938000 
1449.000000 492.254000 
1450.000000 492.266000 
1451.000000 492.278000 
1452.000000 492.370000 
1453.000000 492.086000 
1454.000000 492.282000 
1455.000000 492.102000 
1456.000000 492.338000 
1457.000000 492.438000 
1458.000000 492.338000 
1459.000000 492.398000 
1460.000000 492.312000 
1461.000000 492.582000 
1462.000000 492.634000 
1463.000000 493.094000 
1464.000000 493.322000 
1465.000000 493.478000 
1466.000000 493.456000 
1467.000000 493.376000 
1468.000000 493.290000 
1469.000000 493.296000 
1470.000000 493.302000 
1471.000000 493.456000 
1472.000000 493.546000 
1473.000000 493.410000 
1474.000000 493.602000 
1475.000000 493.712000 
1476.000000 493.788000 
1477.000000 493.788000 
1478.000000 493.878000 
1479.000000 494.016000 
1480.000000 494.092000 
1481.000000 494.170000 
1482.000000 494.320000 
1483.000000 494.282000 
1484.000000 494.234000 
1485.000000 494.408000 
1486.000000 494.364000 
1487.000000 494.428000 
1488.000000 494.402000 
1489.000000 494.408000 
1490.000000 494.388000 
1491.000000 494.270000 
1492.000000 494.262000 
1493.000000 494.312000 
1494.000000 494.516000 
1495.000000 494.802000 
1496.000000 494.910000 
1497.000000 494.916000 
1498.000000 494.920000 
1499.000000 494.998000 
1500.000000 495.138000 
1501.000000 495.206000 
1502.000000 495.306000 
1503.000000 495.390000 
1504.000000 495.640000 
1505.000000 495.800000 
1506.000000 495.722000 
1507.000000 495.804000 
1508.000000 495.946000 
1509.000000 496.314000 
1510.000000 496.262000 
1511.000000 496.214000 
1512.000000 496.340000 
1513.000000 496.440000 
1514.000000 496.556000 
1515.000000 496.490000 
1516.000000 496.446000 
1517.000000 496.780000 
1518.000000 497.040000 
1519.000000 496.936000 
1520.000000 496.994000 
1521.000000 496.960000 
1522.000000 496.910000 
1523.000000 496.888000 
1524.000000 496.916000 
1525.000000 496.888000 
1526.000000 496.732000 
1527.000000 496.850000 
1528.000000 496.854000 
1529.000000 496.876000 
1530.000000 496.808000 
1531.000000 496.890000 
1532.000000 496.814000 
1533.000000 496.958000 
1534.000000 496.870000 
1535.000000 496.822000 
1536.000000 496.902000 
1537.000000 496.824000 
1538.000000 496.956000 
1539.000000 496.902000 
1540.000000 497.018000 
1541.000000 496.916000 
1542.000000 496.988000 
1543.000000 496.958000 
1544.000000 496.858000 
1545.000000 496.750000 
1546.000000 496.924000 
1547.000000 496.934000 
1548.000000 496.658000 
1549.000000 496.488000 
1550.000000 496.414000 
1551.000000 496.488000 
1552.000000 496.444000 
1553.000000 496.402000 
1554.000000 496.474000 
1555.000000 496.604000 
1556.000000 496.720000 
1557.000000 496.796000 
1558.000000 496.716000 
1559.000000 496.818000 
1560.000000 496.824000 
1561.000000 496.996000 
1562.000000 497.112000 
1563.000000 497.060000 
1564.000000 497.134000 
1565.000000 497.232000 
1566.000000 497.332000 
1567.000000 497.570000 
1568.000000 497.418000 
1569.000000 497.366000 
1570.000000 497.336000 
1571.000000 497.132000 
1572.000000 497.042000 
1573.000000 497.192000 
1574.000000 497.166000 
1575.000000 497.178000 
1576.000000 497.066000 
1577.000000 496.864000 
1578.000000 497.026000 
1579.000000 497.252000 
1580.000000 497.306000 
1581.000000 497.394000 
1582.000000 497.446000 
1583.000000 497.422000 
1584.000000 497.434000 
1585.000000 497.584000 
1586.000000 497.554000 
1587.000000 497.768000 
1588.000000 497.756000 
1589.000000 497.876000 
1590.000000 497.882000 
1591.000000 497.896000 
1592.000000 497.796000 
1593.000000 497.888000 
1594.000000 497.970000 
1595.000000 497.976000 
1596.000000 497.714000 
1597.000000 497.648000 
1598.000000 497.774000 
1599.000000 497.838000 
1600.000000 497.704000 
1601.000000 497.774000 
1602.000000 497.758000 
1603.000000 497.798000 
1604.000000 497.668000 
1605.000000 497.682000 
1606.000000 497.594000 
1607.000000 497.594000 
1608.000000 497.724000 
1609.000000 497.896000 
1610.000000 497.894000 
1611.000000 497.844000 
1612.000000 497.752000 
1613.000000 497.820000 
1614.000000 497.710000 
1615.000000 497.786000 
1616.000000 497.806000 
1617.000000 497.850000 
1618.000000 497.760000 
1619.000000 497.890000 
1620.000000 497.816000 
1621.000000 497.862000 
1622.000000 497.748000 
1623.000000 497.754000 
1624.000000 497.690000 
1625.000000 497.814000 
1626.000000 497.748000 
1627.000000 497.712000 
1628.000000 497.440000 
1629.000000 497.612000 
1630.000000 497.504000 
1631.000000 497.362000 
1632.000000 497.404000 
1633.000000 497.456000 
1634.000000 497.364000 
1635.000000 497.538000 
1636.000000 497.578000 
1637.000000 497.746000 
1638.000000 497.804000 
1639.000000 497.896000 
1640.000000 497.902000 
1641.000000 497.732000 
1642.000000 497.636000 
1643.000000 497.704000 
1644.000000 497.640000 
1645.000000 497.784000 
1646.000000 497.980000 
1647.000000 497.932000 
1648.000000 498.042000 
1649.000000 498.114000 
1650.000000 498.200000 
1651.000000 498.416000 
1652.000000 498.530000 
1653.000000 498.672000 
1654.000000 498.810000 
1655.000000 498.962000 
1656.000000 498.990000 
1657.000000 498.950000 
1658.000000 498.854000 
1659.000000 498.830000 
1660.000000 498.874000 
1661.000000 498.956000 
1662.000000 498.818000 
1663.000000 498.788000 
1664.000000 498.902000 
1665.000000 498.940000 
1666.000000 498.920000 
1667.000000 498.922000 
1668.000000 498.968000 
1669.000000 498.760000 
1670.000000 498.630000 
1671.000000 498.424000 
1672.000000 498.446000 
1673.000000 498.430000 
1674.000000 498.180000 
1675.000000 498.082000 
1676.000000 497.880000 
1677.000000 498.170000 
1678.000000 498.082000 
1679.000000 498.032000 
1680.000000 498.156000 
1681.000000 498.178000 
1682.000000 498.260000 
1683.000000 498.322000 
1684.000000 498.336000 
1685.000000 498.182000 
1686.000000 498.158000 
1687.000000 498.208000 
1688.000000 498.204000 
1689.000000 498.144000 
1690.000000 498.180000 
1691.000000 498.138000 
1692.000000 498.304000 
1693.000000 498.332000 
1694.000000 498.296000 
1695.000000 498.226000 
1696.000000 498.094000 
1697.000000 497.996000 
1698.000000 498.100000 
1699.000000 498.202000 
1700.000000 498.238000 
1701.000000 498.398000 
1702.000000 498.534000 
1703.000000 498.744000 
1704.000000 498.864000 
1705.000000 498.960000 
1706.000000 498.992000 
1707.000000 499.064000 
1708.000000 499.032000 
1709.000000 499.112000 
1710.000000 498.836000 
1711.000000 498.916000 
1712.000000 498.834000 
1713.000000 498.896000 
1714.000000 499.146000 
1715.000000 498.994000 
1716.000000 498.996000 
1717.000000 499.116000 
1718.000000 499.216000 
1719.000000 499.180000 
1720.000000 499.482000 
1721.000000 499.458000 
1722.000000 499.550000 
1723.000000 499.658000 
1724.000000 499.602000 
1725.000000 499.486000 
1726.000000 499.440000 
1727.000000 499.416000 
1728.000000 499.454000 
1729.000000 499.426000 
1730.000000 499.570000 
1731.000000 499.550000 
1732.000000 499.596000 
1733.000000 499.482000 
1734.000000 499.288000 
1735.000000 499.108000 
1736.000000 499.002000 
1737.000000 498.872000 
1738.000000 498.872000 
1739.000000 498.726000 
1740.000000 498.674000 
1741.000000 498.574000 
1742.000000 498.428000 
1743.000000 498.464000 
1744.000000 498.256000 
1745.000000 498.518000 
1746.000000 498.486000 
1747.000000 498.588000 
1748.000000 498.612000 
1749.000000 498.732000 
1750.000000 498.630000 
1751.000000 498.472000 
1752.000000 498.510000 
1753.000000 498.588000 
1754.000000 498.606000 
1755.000000 498.582000 
1756.000000 498.390000 
1757.000000 498.370000 
1758.000000 498.456000 
1759.000000 498.676000 
1760.000000 498.762000 
1761.000000 498.944000 
1762.000000 499.138000 
1763.000000 499.302000 
1764.000000 499.558000 
1765.000000 499.654000 
1766.000000 499.588000 
1767.000000 499.748000 
1768.000000 499.812000 
1769.000000 499.818000 
1770.000000 499.942000 
1771.000000 499.908000 
1772.000000 499.956000 
1773.000000 500.068000 
1774.000000 500.084000 
1775.000000 500.198000 
1776.000000 500.250000 
1777.000000 500.416000 
1778.000000 500.568000 
1779.000000 500.622000 
1780.000000 500.560000 
1781.000000 500.590000 
1782.000000 500.574000 
1783.000000 500.642000 
1784.000000 500.606000 
1785.000000 500.630000 
1786.000000 500.592000 
1787.000000 500.498000 
1788.000000 500.406000 
1789.000000 500.382000 
1790.000000 500.588000 
1791.000000 500.676000 
1792.000000 500.604000 
1793.000000 500.694000 
1794.000000 500.756000 
1795.000000 500.908000 
1796.000000 500.894000 
1797.000000 500.810000 
1798.000000 500.662000 
1799.000000 500.578000 
1800.000000 500.544000 
1801.000000 500.556000 
1802.000000 500.612000 
1803.000000 500.474000 
1804.000000 500.388000 
1805.000000 500.424000 
1806.000000 500.662000 
1807.000000 500.680000 
1808.000000 500.548000 
1809.000000 500.634000 
1810.000000 500.692000 
1811.000000 500.736000 
1812.000000 500.796000 
1813.000000 500.666000 
1814.000000 500.800000 
1815.000000 500.676000 
1816.000000 500.720000 
1817.000000 500.890000 
1818.000000 500.780000 
1819.000000 500.560000 
1820.000000 500.322000 
1821.000000 500.202000 
1822.000000 500.200000 
1823.000000 500.288000 
1824.000000 500.320000 
1825.000000 500.464000 
1826.000000 500.498000 
1827.000000 500.454000 
1828.000000 500.508000 
1829.000000 500.598000 
1830.000000 500.564000 
1831.000000 500.638000 
1832.000000 500.538000 
1833.000000 500.390000 
1834.000000 500.378000 
1835.000000 500.450000 
1836.000000 500.496000 
1837.000000 500.474000 
1838.000000 500.404000 
1839.000000 500.484000 
1840.000000 500.484000 
1841.000000 500.478000 
1842.000000 500.352000 
1843.000000 500.434000 
1844.000000 500.554000 
1845.000000 500.568000 
1846.000000 500.518000 
1847.000000 500.462000 
1848.000000 500.386000 
1849.000000 500.316000 
1850.000000 500.210000 
1851.000000 500.192000 
1852.000000 500.338000 
1853.000000 500.412000 
1854.000000 500.400000 
1855.000000 500.300000 
1856.000000 500.106000 
1857.000000 500.224000 
1858.000000 500.214000 
1859.000000 500.282000 
1860.000000 500.466000 
1861.000000 500.370000 
1862.000000 500.328000 
1863.000000 500.458000 
1864.000000 500.282000 
1865.000000 500.256000 
1866.000000 500.210000 
1867.000000 500.080000 
1868.000000 500.034000 
1869.000000 500.012000 
1870.000000 500.068000 
1871.000000 499.982000 
1872.000000 500.050000 
1873.000000 500.076000 
1874.000000 500.168000 
1875.000000 500.226000 
1876.000000 500.308000 
1877.000000 500.330000 
1878.000000 500.442000 
1879.000000 500.322000 
1880.000000 500.386000 
1881.000000 500.328000 
1882.000000 500.072000 
1883.000000 500.138000 
1884.000000 500.100000 
1885.000000 499.934000 
1886.000000 499.760000 
1887.000000 499.818000 
1888.000000 499.740000 
1889.000000 499.854000 
1890.000000 499.900000 
1891.000000 499.946000 
1892.000000 499.988000 
1893.000000 500.072000 
1894.000000 500.138000 
1895.000000 500.158000 
1896.000000 500.036000 
1897.000000 500.214000 
1898.000000 500.274000 
1899.000000 500.224000 
1900.000000 500.342000 
1901.000000 500.486000 
1902.000000 500.416000 
1903.000000 500.308000 
1904.000000 500.268000 
1905.000000 500.282000 
1906.000000 500.130000 
1907.000000 500.312000 
1908.000000 500.156000 
1909.000000 500.154000 
1910.000000 500.334000 
1911.000000 500.266000 
1912.000000 500.282000 
1913.000000 500.028000 
1914.000000 500.000000 
1915.000000 500.182000 
1916.000000 500.262000 
1917.000000 500.182000 
1918.000000 500.252000 
1919.000000 500.122000 
1920.000000 500.190000 
1921.000000 500.260000 
1922.000000 500.316000 
1923.000000 500.118000 
1924.000000 500.232000 
1925.000000 500.018000 
1926.000000 500.142000 
1927.000000 500.012000 
1928.000000 500.046000 
1929.000000 499.944000 
1930.000000 500.022000 
1931.000000 500.118000 
1932.000000 500.224000 
1933.000000 500.278000 
1934.000000 500.258000 
1935.000000 500.394000 
1936.000000 500.378000 
1937.000000 500.306000 
1938.000000 500.496000 
1939.000000 500.238000 
1940.000000 500.028000 
1941.000000 499.912000 
1942.000000 499.896000 
1943.000000 500.038000 
1944.000000 500.196000 
1945.000000 500.106000 
1946.000000 500.134000 
1947.000000 500.088000 
1948.000000 500.004000 
1949.000000 499.860000 
1950.000000 499.744000 
1951.000000 499.764000 
1952.000000 499.644000 
1953.000000 499.566000 
1954.000000 499.474000 
1955.000000 499.656000 
1956.000000 499.698000 
1957.000000 499.546000 
1958.000000 499.644000 
1959.000000 499.558000 
1960.000000 499.446000 
1961.000000 499.502000 
1962.000000 499.426000 
1963.000000 499.498000 
1964.000000 499.708000 
1965.000000 499.682000 
1966.000000 499.830000 
1967.000000 499.906000 
1968.000000 500.052000 
1969.000000 499.902000 
1970.000000 499.994000 
1971.000000 500.140000 
1972.000000 500.218000 
1973.000000 500.070000 
1974.000000 500.042000 
1975.000000 500.050000 
1976.000000 499.992000 
1977.000000 499.954000 
1978.000000 499.916000 
1979.000000 500.016000 
1980.000000 500.048000 
1981.000000 500.018000 
1982.000000 499.988000 
1983.000000 499.944000 
1984.000000 500.186000 
1985.000000 500.168000 
1986.000000 500.304000 
1987.000000 500.332000 
1988.000000 500.292000 
1989.000000 500.054000 
1990.000000 500.068000 
1991.000000 500.030000 
1992.000000 500.310000 
1993.000000 500.386000 
1994.000000 500.220000 
1995.000000 500.308000 
1996.000000 500.134000 
1997.000000 500.308000 
1998.000000 500.074000 
1999.000000 499.820000 
2000.000000 499.948000 
2001.000000 499.958000 
2002.000000 500.180000 
2003.000000 500.288000 
2004.000000 500.276000 
2005.000000 500.352000 
2006.000000 500.364000 
2007.000000 500.166000 
2008.000000 500.324000 
2009.000000 500.244000 
2010.000000 500.124000 
2011.000000 499.992000 
2012.000000 499.890000 
2013.000000 499.916000 
2014.000000 499.982000 
2015.000000 500.128000 
2016.000000 500.208000 
2017.000000 500.326000 
2018.000000 500.536000 
2019.000000 500.484000 
2020.000000 500.526000 
2021.000000 500.520000 
2022.000000 500.694000 
2023.000000 500.488000 
2024.000000 500.436000 
2025.000000 500.466000 
2026.000000 500.332000 
2027.000000 500.442000 
2028.000000 500.378000 
2029.000000 500.448000 
2030.000000 500.532000 
2031.000000 500.742000 
2032.000000 500.772000 
2033.000000 500.936000 
2034.000000 500.890000 
2035.000000 500.958000 
2036.000000 501.098000 
2037.000000 501.328000 
2038.000000 501.470000 
2039.000000 501.520000 
2040.000000 501.550000 
2041.000000 501.418000 
2042.000000 501.402000 
2043.000000 501.296000 
2044.000000 501.330000 
2045.000000 501.222000 
2046.000000 501.090000 
2047.000000 501.150000 
2048.000000 501.116000 
2049.000000 501.044000 
2050.000000 501.290000 
2051.000000 501.404000 
2052.000000 501.530000 
2053.000000 501.402000 
2054.000000 501.282000 
2055.000000 501.242000 
2056.000000 501.130000 
2057.000000 501.152000 
2058.000000 501.156000 
2059.000000 501.268000 
2060.000000 501.076000 
2061.000000 500.944000 
2062.000000 501.116000 
2063.000000 501.304000 
2064.000000 501.274000 
2065.000000 501.208000 
2066.000000 501.180000 
2067.000000 501.094000 
2068.000000 501.240000 
2069.000000 501.258000 
2070.000000 501.224000 
2071.000000 501.272000 
2072.000000 501.178000 
2073.000000 501.278000 
2074.000000 501.402000 
2075.000000 501.356000 
2076.000000 501.396000 
2077.000000 501.316000 
2078.000000 501.260000 
2079.000000 501.320000 
2080.000000 501.374000 
2081.000000 501.478000 
2082.000000 501.272000 
2083.000000 501.136000 
2084.000000 501.248000 
2085.000000 501.116000 
2086.000000 501.028000 
2087.000000 501.080000 
2088.000000 500.918000 
2089.000000 500.984000 
2090.000000 501.182000 
2091.000000 501.184000 
2092.000000 501.174000 
2093.000000 501.376000 
2094.000000 501.426000 
2095.000000 501.458000 
2096.000000 501.010000 
2097.000000 500.966000 
2098.000000 500.786000 
2099.000000 500.806000 
2100.000000 500.886000 
2101.000000 500.914000 
2102.000000 500.936000 
2103.000000 500.814000 
2104.000000 500.542000 
2105.000000 500.570000 
2106.000000 500.568000 
2107.000000 500.592000 
2108.000000 500.492000 
2109.000000 500.308000 
2110.000000 500.364000 
2111.000000 500.486000 
2112.000000 500.492000 
2113.000000 500.430000 
2114.000000 500.408000 
2115.000000 500.438000 
2116.000000 500.458000 
2117.000000 500.240000 
2118.000000 500.262000 
2119.000000 500.118000 
2120.000000 500.314000 
2121.000000 500.086000 
2122.000000 499.996000 
2123.000000 500.086000 
2124.000000 500.110000 
2125.000000 499.926000 
2126.000000 499.886000 
2127.000000 499.888000 
2128.000000 500.030000 
2129.000000 500.060000 
2130.000000 499.978000 
2131.000000 500.056000 
2132.000000 500.160000 
2133.000000 500.190000 
2134.000000 500.038000 
2135.000000 499.960000 
2136.000000 500.238000 
2137.000000 500.368000 
2138.000000 500.406000 
2139.000000 500.356000 
2140.000000 500.326000 
2141.000000 500.520000 
2142.000000 500.558000 
2143.000000 500.640000 
2144.000000 500.562000 
2145.000000 500.556000 
2146.000000 500.452000 
2147.000000 500.332000 
2148.000000 500.256000 
2149.000000 500.142000 
2150.000000 500.252000 
2151.000000 500.128000 
2152.000000 500.094000 
2153.000000 500.126000 
2154.000000 500.132000 
2155.000000 500.228000 
2156.000000 500.260000 
2157.000000 500.126000 
2158.000000 500.142000 
2159.000000 500.290000 
2160.000000 500.302000 
2161.000000 500.190000 
2162.000000 500.040000 
2163.000000 499.962000 
2164.000000 499.966000 
2165.000000 499.910000 
2166.000000 499.814000 
2167.000000 499.708000 
2168.000000 499.688000 
2169.000000 499.780000 
2170.000000 499.760000 
2171.000000 499.866000 
2172.000000 499.794000 
2173.000000 499.812000 
2174.000000 499.948000 
2175.000000 499.916000 
2176.000000 499.948000 
2177.000000 499.930000 
2178.000000 499.762000 
2179.000000 499.706000 
2180.000000 499.462000 
2181.000000 499.676000 
2182.000000 499.666000 
2183.000000 499.718000 
2184.000000 499.906000 
2185.000000 499.978000 
2186.000000 500.044000 
2187.000000 499.926000 
2188.000000 499.894000 
2189.000000 499.760000 
2190.000000 499.672000 
2191.000000 499.738000 
2192.000000 499.714000 
2193.000000 499.642000 
2194.000000 499.740000 
2195.000000 499.868000 
2196.000000 499.928000 
2197.000000 499.892000 
2198.000000 499.898000 
2199.000000 499.758000 
2200.000000 499.770000 
2201.000000 499.774000 
2202.000000 499.522000 
2203.000000 499.420000 
2204.000000 499.258000 
2205.000000 498.974000 
2206.000000 498.930000 
2207.000000 498.826000 
2208.000000 498.864000 
2209.000000 498.878000 
2210.000000 499.032000 
2211.000000 499.374000 
2212.000000 499.290000 
2213.000000 499.252000 
2214.000000 499.256000 
2215.000000 499.568000 
2216.000000 499.424000 
2217.000000 499.422000 
2218.000000 499.530000 
2219.000000 499.554000 
2220.000000 499.456000 
2221.000000 499.466000 
2222.000000 499.504000 
2223.000000 499.568000 
2224.000000 499.798000 
2225.000000 500.050000 
2226.000000 500.130000 
2227.000000 500.170000 
2228.000000 500.212000 
2229.000000 500.308000 
2230.000000 500.296000 
2231.000000 500.242000 
2232.000000 500.096000 
2233.000000 500.064000 
2234.000000 500.220000 
2235.000000 500.126000 
2236.000000 500.068000 
2237.000000 500.020000 
2238.000000 500.142000 
2239.000000 500.172000 
2240.000000 500.236000 
2241.000000 500.208000 
2242.000000 500.130000 
2243.000000 500.386000 
2244.000000 500.414000 
2245.000000 500.368000 
2246.000000 500.358000 
2247.000000 500.286000 
2248.000000 500.214000 
2249.000000 500.222000 
2250.000000 500.316000 
2251.000000 500.372000 
2252.000000 500.418000 
2253.000000 500.570000 
2254.000000 500.518000 
2255.000000 500.638000 
2256.000000 500.722000 
2257.000000 500.606000 
2258.000000 500.572000 
2259.000000 500.602000 
2260.000000 500.674000 
2261.000000 500.796000 
2262.000000 500.804000 
2263.000000 500.944000 
2264.000000 501.138000 
2265.000000 501.022000 
2266.000000 500.834000 
2267.000000 500.914000 
2268.000000 500.862000 
2269.000000 500.684000 
2270.000000 500.604000 
2271.000000 500.604000 
2272.000000 500.540000 
2273.000000 500.582000 
2274.000000 500.452000 
2275.000000 500.514000 
2276.000000 500.676000 
2277.000000 500.644000 
2278.000000 500.646000 
2279.000000 500.806000 
2280.000000 500.860000 
2281.000000 500.680000 
2282.000000 500.594000 
2283.000000 500.424000 
2284.000000 500.334000 
2285.000000 500.348000 
2286.000000 500.472000 
2287.000000 500.542000 
2288.000000 500.608000 
2289.000000 500.778000 
2290.000000 500.938000 
2291.000000 501.228000 
2292.000000 501.068000 
2293.000000 501.254000 
2294.000000 501.482000 
2295.000000 501.632000 
2296.000000 501.660000 
2297.000000 501.518000 
2298.000000 501.664000 
2299.000000 501.616000 
2300.000000 501.440000 
2301.000000 501.336000 
2302.000000 501.142000 
2303.000000 501.044000 
2304.000000 501.108000 
2305.000000 501.168000 
2306.000000 501.164000 
2307.000000 501.126000 
2308.000000 501.188000 
2309.000000 501.454000 
2310.000000 501.408000 
2311.000000 501.270000 
2312.000000 501.256000 
2313.000000 501.278000 
2314.000000 501.142000 
2315.000000 501.028000 
2316.000000 501.144000 
2317.000000 501.392000 
2318.000000 501.534000 
2319.000000 501.522000 
2320.000000 501.424000 
2321.000000 501.778000 
2322.000000 501.844000 
2323.000000 501.850000 
2324.000000 501.476000 
2325.000000 501.520000 
2326.000000 501.504000 
2327.000000 501.394000 
2328.000000 501.404000 
2329.000000 501.440000 
2330.000000 501.266000 
2331.000000 501.276000 
2332.000000 501.226000 
2333.000000 501.262000 
2334.000000 501.310000 
2335.000000 501.382000 
2336.000000 501.370000 
2337.000000 501.462000 
2338.000000 501.322000 
2339.000000 501.236000 
2340.000000 501.166000 
2341.000000 501.134000 
2342.000000 501.116000 
2343.000000 500.984000 
2344.000000 500.992000 
2345.000000 500.876000 
2346.000000 500.788000 
2347.000000 500.776000 
2348.000000 500.702000 
2349.000000 500.684000 
2350.000000 500.792000 
2351.000000 500.582000 
2352.000000 500.392000 
2353.000000 500.508000 
2354.000000 500.394000 
2355.000000 500.270000 
2356.000000 500.322000 
2357.000000 500.276000 
2358.000000 500.218000 
2359.000000 500.254000 
2360.000000 500.298000 
2361.000000 500.334000 
2362.000000 500.390000 
2363.000000 500.468000 
2364.000000 500.280000 
2365.000000 500.322000 
2366.000000 500.162000 
2367.000000 500.240000 
2368.000000 500.228000 
2369.000000 500.024000 
2370.000000 499.968000 
2371.000000 499.990000 
2372.000000 499.880000 
2373.000000 499.842000 
2374.000000 500.010000 
2375.000000 499.988000 
2376.000000 500.080000 
2377.000000 500.044000 
2378.000000 500.056000 
2379.000000 499.826000 
2380.000000 499.964000 
2381.000000 500.014000 
2382.000000 499.976000 
2383.000000 499.798000 
2384.000000 499.830000 
2385.000000 499.872000 
2386.000000 499.882000 
2387.000000 499.730000 
2388.000000 499.546000 
2389.000000 499.602000 
2390.000000 499.562000 
2391.000000 499.468000 
2392.000000 499.496000 
2393.000000 499.380000 
2394.000000 499.494000 
2395.000000 499.498000 
2396.000000 499.502000 
2397.000000 499.540000 
2398.000000 499.640000 
2399.000000 500.028000 
2400.000000 500.182000 
2401.000000 500.354000 
2402.000000 500.386000 
2403.000000 500.402000 
2404.000000 500.506000 
2405.000000 500.390000 
2406.000000 500.356000 
2407.000000 500.452000 
2408.000000 500.214000 
2409.000000 500.018000 
2410.000000 500.122000 
2411.000000 500.090000 
2412.000000 500.030000 
2413.000000 500.090000 
2414.000000 500.032000 
2415.000000 499.838000 
2416.000000 499.700000 
2417.000000 499.498000 
2418.000000 499.444000 
2419.000000 499.464000 
2420.000000 499.504000 
2421.000000 499.406000 
2422.000000 499.362000 
2423.000000 499.170000 
2424.000000 499.266000 
2425.000000 499.416000 
2426.000000 499.532000 
2427.000000 499.614000 
2428.000000 499.692000 
2429.000000 499.992000 
2430.000000 499.960000 
2431.000000 500.142000 
2432.000000 500.120000 
2433.000000 499.940000 
2434.000000 499.962000 
2435.000000 499.968000 
2436.000000 500.028000 
2437.000000 500.070000 
2438.000000 500.052000 
2439.000000 500.328000 
2440.000000 500.228000 
2441.000000 500.214000 
2442.000000 500.270000 
2443.000000 500.350000 
2444.000000 500.274000 
2445.000000 500.430000 
2446.000000 500.520000 
2447.000000 500.372000 
2448.000000 500.376000 
2449.000000 500.410000 
2450.000000 500.278000 
2451.000000 500.414000 
2452.000000 500.418000 
2453.000000 500.596000 
2454.000000 500.340000 
2455.000000 500.452000 
2456.000000 500.388000 
2457.000000 500.356000 
2458.000000 500.432000 
2459.000000 500.306000 
2460.000000 500.188000 
2461.000000 500.226000 
2462.000000 500.230000 
2463.000000 500.274000 
2464.000000 500.230000 
2465.000000 500.290000 
2466.000000 500.450000 
2467.000000 500.354000 
2468.000000 500.256000 
2469.000000 500.174000 
2470.000000 500.288000 
2471.000000 500.098000 
2472.000000 500.212000 
2473.000000 500.186000 
2474.000000 500.202000 
2475.000000 500.130000 
2476.000000 499.990000 
2477.000000 499.704000 
2478.000000 499.606000 
2479.000000 499.742000 
2480.000000 499.690000 
2481.000000 499.752000 
2482.000000 499.764000 
2483.000000 499.910000 
2484.000000 499.878000 
2485.000000 499.840000 
2486.000000 499.872000 
2487.000000 499.824000 
2488.000000 499.820000 
2489.000000 499.854000 
2490.000000 499.862000 
2491.000000 499.942000 
2492.000000 500.006000 
2493.000000 499.890000 
2494.000000 499.630000 
2495.000000 499.550000 
2496.000000 499.610000 
2497.000000 499.444000 
2498.000000 499.494000 
2499.000000 499.786000 
2500.000000 499.580000 
2501.000000 499.492000 
2502.000000 499.438000 
2503.000000 499.580000 
2504.000000 499.720000 
2505.000000 499.786000 
2506.000000 499.836000 
2507.000000 499.692000 
2508.000000 499.654000 
2509.000000 499.634000 
2510.000000 499.592000 
2511.000000 499.674000 
2512.000000 499.686000 
2513.000000 499.718000 
2514.000000 499.814000 
2515.000000 499.854000 
2516.000000 499.976000 
2517.000000 500.112000 
2518.000000 499.912000 
2519.000000 500.154000 
2520.000000 500.272000 
2521.000000 500.372000 
2522.000000 500.430000 
2523.000000 500.594000 
2524.000000 500.646000 
2525.000000 500.644000 
2526.000000 500.600000 
2527.000000 500.728000 
2528.000000 500.794000 
2529.000000 500.596000 
2530.000000 500.636000 
2531.000000 500.520000 
2532.000000 500.486000 
2533.000000 500.672000 
2534.000000 500.614000 
2535.000000 500.592000 
2536.000000 500.452000 
2537.000000 500.452000 
2538.000000 500.242000 
2539.000000 500.320000 
2540.000000 500.222000 
2541.000000 500.222000 
2542.000000 500.294000 
2543.000000 500.296000 
2544.000000 500.326000 
2545.000000 500.418000 
2546.000000 500.294000 
2547.000000 500.584000 
2548.000000 500.448000 
2549.000000 500.304000 
2550.000000 500.178000 
2551.000000 500.202000 
2552.000000 500.324000 
2553.000000 500.228000 
2554.000000 500.398000 
2555.000000 500.452000 
2556.000000 500.324000 
2557.000000 500.312000 
2558.000000 500.306000 
2559.000000 500.674000 
2560.000000 500.508000 
2561.000000 500.566000 
2562.000000 500.508000 
2563.000000 500.362000 
2564.000000 500.216000 
2565.000000 500.064000 
2566.000000 499.998000 
2567.000000 499.856000 
2568.000000 499.782000 
2569.000000 499.852000 
2570.000000 499.846000 
2571.000000 499.722000 
2572.000000 499.790000 
2573.000000 499.764000 
2574.000000 499.810000 
2575.000000 499.708000 
2576.000000 499.750000 
2577.000000 499.706000 
2578.000000 499.872000 
2579.000000 499.790000 
2580.000000 499.732000 
2581.000000 499.786000 
2582.000000 500.028000 
2583.000000 499.810000 
2584.000000 499.834000 
2585.000000 499.986000 
2586.000000 500.102000 
2587.000000 500.110000 
2588.000000 500.154000 
2589.000000 500.222000 
2590.000000 500.204000 
2591.000000 500.240000 
2592.000000 500.324000 
2593.000000 500.286000 
2594.000000 500.318000 
2595.000000 500.244000 
2596.000000 500.094000 
2597.000000 500.382000 
2598.000000 500.318000 
2599.000000 500.226000 
2600.000000 500.360000 
2601.000000 500.326000 
2602.000000 500.514000 
2603.000000 500.630000 
2604.000000 500.672000 
2605.000000 500.694000 
2606.000000 500.692000 
2607.000000 500.882000 
2608.000000 500.842000 
2609.000000 500.794000 
2610.000000 500.836000 
2611.000000 500.814000 
2612.000000 500.784000 
2613.000000 500.796000 
2614.000000 500.830000 
2615.000000 500.808000 
2616.000000 500.982000 
2617.000000 501.056000 
2618.000000 500.900000 
2619.000000 500.758000 
2620.000000 500.562000 
2621.000000 500.504000 
2622.000000 500.422000 
2623.000000 500.248000 
2624.000000 500.142000 
2625.000000 500.006000 
2626.000000 499.842000 
2627.000000 499.750000 
2628.000000 499.692000 
2629.000000 499.662000 
2630.000000 499.384000 
2631.000000 499.168000 
2632.000000 499.142000 
2633.000000 499.100000 
2634.000000 499.194000 
2635.000000 499.078000 
2636.000000 498.942000 
2637.000000 498.838000 
2638.000000 498.840000 
2639.000000 498.796000 
2640.000000 498.842000 
2641.000000 498.708000 
2642.000000 498.706000 
2643.000000 498.854000 
2644.000000 498.708000 
2645.000000 498.696000 
2646.000000 498.746000 
2647.000000 498.632000 
2648.000000 498.662000 
2649.000000 498.656000 
2650.000000 498.872000 
2651.000000 498.918000 
2652.000000 498.902000 
2653.000000 498.878000 
2654.000000 498.860000 
2655.000000 498.724000 
2656.000000 498.794000 
2657.000000 498.788000 
2658.000000 498.806000 
2659.000000 498.758000 
2660.000000 498.972000 
2661.000000 499.062000 
2662.000000 498.982000 
2663.000000 499.000000 
2664.000000 498.852000 
2665.000000 498.794000 
2666.000000 498.664000 
2667.000000 498.596000 
2668.000000 498.628000 
2669.000000 498.896000 
2670.000000 498.924000 
2671.000000 498.862000 
2672.000000 498.788000 
2673.000000 498.940000 
2674.000000 499.072000 
2675.000000 499.004000 
2676.000000 498.950000 
2677.000000 498.886000 
2678.000000 498.740000 
2679.000000 498.816000 
2680.000000 498.742000 
2681.000000 498.760000 
2682.000000 498.756000 
2683.000000 498.846000 
2684.000000 498.692000 
2685.000000 498.826000 
2686.000000 499.124000 
2687.000000 499.340000 
2688.000000 499.270000 
2689.000000 499.310000 
2690.000000 499.510000 
2691.000000 499.610000 
2692.000000 499.704000 
2693.000000 499.582000 
2694.000000 499.560000 
2695.000000 499.622000 
2696.000000 499.612000 
2697.000000 499.574000 
2698.000000 499.446000 
2699.000000 499.410000 
2700.000000 499.502000 
2701.000000 499.518000 
2702.000000 499.528000 
2703.000000 499.530000 
2704.000000 499.620000 
2705.000000 499.524000 
2706.000000 499.536000 
2707.000000 499.572000 
2708.000000 499.374000 
2709.000000 499.402000 
2710.000000 499.620000 
2711.000000 499.388000 
2712.000000 499.434000 
2713.000000 499.272000 
2714.000000 499.266000 
2715.000000 499.336000 
2716.000000 499.250000 
2717.000000 499.294000 
2718.000000 499.288000 
2719.000000 499.402000 
2720.000000 499.438000 
2721.000000 499.302000 
2722.000000 499.252000 
2723.000000 499.290000 
2724.000000 499.354000 
2725.000000 499.610000 
2726.000000 499.594000 
2727.000000 499.614000 
2728.000000 499.624000 
2729.000000 499.442000 
2730.000000 499.534000 
2731.000000 499.680000 
2732.000000 499.698000 
2733.000000 499.796000 
2734.000000 499.816000 
2735.000000 499.962000 
2736.000000 500.162000 
2737.000000 500.264000 
2738.000000 500.464000 
2739.000000 500.274000 
2740.000000 500.266000 
2741.000000 500.500000 
2742.000000 500.418000 
2743.000000 500.416000 
2744.000000 500.552000 
2745.000000 500.590000 
2746.000000 500.430000 
2747.000000 500.418000 
2748.000000 500.584000 
2749.000000 500.654000 
2750.000000 500.648000 
2751.000000 500.524000 
2752.000000 500.574000 
2753.000000 500.658000 
2754.000000 500.714000 
2755.000000 500.836000 
2756.000000 500.724000 
2757.000000 500.872000 
2758.000000 500.778000 
2759.000000 500.734000 
2760.000000 500.450000 
2761.000000 500.400000 
2762.000000 500.332000 
2763.000000 500.270000 
2764.000000 500.160000 
2765.000000 500.132000 
2766.000000 499.946000 
2767.000000 500.016000 
2768.000000 499.914000 
2769.000000 499.988000 
2770.000000 499.796000 
2771.000000 499.916000 
2772.000000 499.766000 
2773.000000 499.778000 
2774.000000 499.728000 
2775.000000 499.808000 
2776.000000 499.618000 
2777.000000 499.578000 
2778.000000 499.418000 
2779.000000 499.648000 
2780.000000 499.488000 
2781.000000 499.622000 
2782.000000 499.682000 
2783.000000 499.808000 
2784.000000 499.884000 
2785.000000 499.870000 
2786.000000 499.900000 
2787.000000 500.086000 
2788.000000 500.042000 
2789.000000 500.088000 
2790.000000 499.976000 
2791.000000 500.078000 
2792.000000 499.982000 
2793.000000 499.966000 
2794.000000 500.008000 
2795.000000 500.028000 
2796.000000 499.876000 
2797.000000 499.920000 
2798.000000 499.852000 
2799.000000 499.720000 
2800.000000 499.798000 
2801.000000 499.956000 
2802.000000 499.930000 
2803.000000 500.060000 
2804.000000 500.070000 
2805.000000 500.152000 
2806.000000 500.022000 
2807.000000 499.876000 
2808.000000 499.726000 
2809.000000 499.822000 
2810.000000 499.636000 
2811.000000 499.670000 
2812.000000 499.774000 
2813.000000 499.882000 
2814.000000 499.808000 
2815.000000 499.772000 
2816.000000 499.590000 
2817.000000 499.622000 
2818.000000 499.512000 
2819.000000 499.418000 
2820.000000 499.372000 
2821.000000 499.386000 
2822.000000 499.548000 
2823.000000 499.600000 
2824.000000 499.800000 
2825.000000 499.876000 
2826.000000 499.706000 
2827.000000 499.622000 
2828.000000 499.616000 
2829.000000 499.556000 
2830.000000 499.466000 
2831.000000 499.570000 
2832.000000 499.526000 
2833.000000 499.234000 
2834.000000 499.290000 
2835.000000 499.256000 
2836.000000 499.212000 
2837.000000 499.098000 
2838.000000 498.942000 
2839.000000 498.830000 
2840.000000 498.838000 
2841.000000 498.852000 
2842.000000 498.848000 
2843.000000 498.856000 
2844.000000 498.806000 
2845.000000 498.928000 
2846.000000 498.704000 
2847.000000 498.872000 
2848.000000 498.782000 
2849.000000 498.720000 
2850.000000 498.820000 
2851.000000 498.920000 
2852.000000 498.924000 
2853.000000 498.982000 
2854.000000 498.944000 
2855.000000 498.828000 
2856.000000 498.978000 
2857.000000 499.090000 
2858.000000 499.054000 
2859.000000 498.940000 
2860.000000 499.034000 
2861.000000 499.034000 
2862.000000 499.092000 
2863.000000 499.074000 
2864.000000 499.258000 
2865.000000 499.310000 
2866.000000 499.292000 
2867.000000 499.354000 
2868.000000 499.312000 
2869.000000 499.278000 
2870.000000 499.252000 
2871.000000 499.394000 
2872.000000 499.410000 
2873.000000 499.328000 
2874.000000 499.232000 
2875.000000 499.428000 
2876.000000 499.412000 
2877.000000 499.578000 
2878.000000 499.678000 
2879.000000 499.804000 
2880.000000 499.940000 
2881.000000 499.914000 
2882.000000 500.038000 
2883.000000 499.832000 
2884.000000 499.818000 
2885.000000 499.640000 
2886.000000 499.484000 
2887.000000 499.430000 
2888.000000 499.382000 
2889.000000 499.270000 
2890.000000 499.410000 
2891.000000 499.418000 
2892.000000 499.396000 
2893.000000 499.554000 
2894.000000 499.396000 
2895.000000 499.364000 
2896.000000 499.198000 
2897.000000 499.114000 
2898.000000 499.236000 
2899.000000 499.174000 
2900.000000 499.060000 
2901.000000 499.050000 
2902.000000 498.910000 
2903.000000 498.852000 
2904.000000 498.838000 
2905.000000 498.824000 
2906.000000 498.828000 
2907.000000 498.804000 
2908.000000 498.888000 
2909.000000 498.886000 
2910.000000 498.898000 
2911.000000 498.810000 
2912.000000 498.588000 
2913.000000 498.620000 
2914.000000 498.598000 
2915.000000 498.826000 
2916.000000 498.726000 
2917.000000 498.772000 
2918.000000 498.948000 
2919.000000 498.976000 
2920.000000 498.984000 
2921.000000 499.094000 
2922.000000 499.086000 
2923.000000 499.098000 
2924.000000 499.212000 
2925.000000 499.286000 
2926.000000 499.270000 
2927.000000 499.296000 
2928.000000 499.272000 
2929.000000 499.520000 
2930.000000 499.314000 
2931.000000 499.254000 
2932.000000 499.230000 
2933.000000 499.560000 
2934.000000 499.652000 
2935.000000 499.880000 
2936.000000 500.016000 
2937.000000 499.918000 
2938.000000 499.922000 
2939.000000 499.960000 
2940.000000 499.978000 
2941.000000 500.032000 
2942.000000 500.028000 
2943.000000 500.228000 
2944.000000 500.078000 
2945.000000 500.000000 
2946.000000 499.964000 
2947.000000 499.718000 
2948.000000 499.660000 
2949.000000 499.660000 
2950.000000 499.462000 
2951.000000 499.578000 
2952.000000 499.814000 
2953.000000 499.694000 
2954.000000 499.724000 
2955.000000 499.722000 
2956.000000 499.786000 
2957.000000 499.810000 
2958.000000 499.790000 
2959.000000 499.708000 
2960.000000 499.736000 
2961.000000 499.762000 
2962.000000 499.740000 
2963.000000 499.728000 
2964.000000 499.858000 
2965.000000 499.766000 
2966.000000 499.574000 
2967.000000 499.708000 
2968.000000 499.724000 
2969.000000 499.882000 
2970.000000 499.868000 
2971.000000 499.964000 
2972.000000 500.120000 
2973.000000 500.026000 
2974.000000 499.938000 
2975.000000 499.846000 
2976.000000 499.882000 
2977.000000 500.004000 
2978.000000 499.950000 
2979.000000 499.886000 
2980.000000 499.858000 
2981.000000 499.920000 
2982.000000 499.858000 
2983.000000 499.820000 
2984.000000 499.846000 
2985.000000 499.812000 
2986.000000 499.784000 
2987.000000 499.626000 
2988.000000 499.662000 
2989.000000 499.604000 
2990.000000 499.448000 
2991.000000 499.540000 
2992.000000 499.618000 
2993.000000 499.706000 
2994.000000 499.658000 
2995.000000 499.514000 
2996.000000 499.406000 
2997.000000 499.450000 
2998.000000 499.288000 
2999.000000 499.348000 
