0 1 
1 1.01250969485657 
2 1.02516787964631 
3 1.03797611566348 
4 1.05093597554704 
5 1.06404904322885 
6 1.07731691387727 
7 1.09074119383626 
8 1.10432350055955 
9 1.1180654625401 
10 1.1319687192345 
11 1.14603492098229 
12 1.16026572892001 
13 1.17466281489 
14 1.18922786134367 
15 1.20396256123921 
16 1.21886861793359 
17 1.23394774506872 
18 1.2492016664517 
19 1.26463211592889 
20 1.28024083725389 
21 1.29602958394909 
22 1.31200011916079 
23 1.32815421550771 
24 1.34449365492281 
25 1.36102022848819 
26 1.37773573626304 
27 1.3946419871045 
28 1.41174079848116 
29 1.42903399627931 
30 1.44652341460158 
31 1.46421089555793 
32 1.48209828904892 
33 1.50018745254099 
34 1.51848025083377 
35 1.5369785558191 
36 1.55568424623187 
37 1.57459920739228 
38 1.59372533093964 
39 1.61306451455742 
40 1.63261866168944 
41 1.65238968124711 
42 1.67237948730767 
43 1.69258999880308 
44 1.71302313919964 
45 1.7336808361682 
46 1.75456502124471 
47 1.7756776294811 
48 1.79702059908635 
49 1.81859587105768 
50 1.84040538880159 
51 1.86245109774486 
52 1.88473494493526 
53 1.90725887863185 
54 1.93002484788492 
55 1.95303480210531 
56 1.97629069062309 
57 1.99979446223551 
58 2.02354806474417 
59 2.04755344448121 
60 2.0718125458246 
61 2.09632731070233 
62 2.1210996780855 
63 2.14613158347023 
64 2.17142495834837 
65 2.19698172966688 
66 2.22280381927587 
67 2.24889314336536 
68 2.27525161189054 
69 2.30188112798567 
70 2.32878358736651 
71 2.35596087772131 
72 2.38341487809034 
73 2.41114745823393 
74 2.43916047798917 
75 2.46745578661503 
76 2.49603522212627 
77 2.5249006106158 
78 2.55405376556593 
79 2.58349648714819 
80 2.61323056151207 
81 2.64325776006261 
82 2.67357983872699 
83 2.70419853721012 
84 2.73511557823948 
85 2.76633266679921 
86 2.79785148935366 
87 2.82967371306043 
88 2.8618009849732 
89 2.89423493123441 
90 2.92697715625794 
91 2.96002924190215 
92 2.99339274663325 
93 3.02706920467936 
94 3.06106012517554 
95 3.09536699129979 
96 3.12999125940059 
97 3.164934358116 
98 3.20019768748469 
99 3.23578261804928 
100 3.27169048995214 
101 3.30792261202412 
102 3.34448026086642 
103 3.38136467992611 
104 3.41857707856557 
105 3.45611863112615 
106 3.49399047598673 
107 3.53219371461729 
108 3.57072941062808 
109 3.60959858881487 
110 3.64880223420059 
111 3.68834129107405 
112 3.72821666202599 
113 3.76842920698319 
114 3.80897974224106 
115 3.84986903949521 
116 3.89109782487264 
117 3.93266677796316 
118 3.97457653085138 
119 4.01682766715026 
120 4.05942072103642 
121 4.1023561762882 
122 4.14563446532687 
123 4.18925596826175 
124 4.23322101193989 
125 4.27752986900102 
126 4.32218275693846 
127 4.36717983716665 
128 4.41252121409607 
129 4.45820693421633 
130 4.50423698518809 
131 4.55061129494457 
132 4.59732973080356 
133 4.64439209859046 
134 4.69179814177341 
135 4.73954754061108 
136 4.78763991131409 
137 4.83607480522077 
138 4.8848517079881 
139 4.93397003879866 
140 4.98342914958451 
141 5.03322832426864 
142 5.08336677802498 
143 5.13384365655781 
144 5.1846580354013 
145 5.23580891924021 
146 5.2872952412523 
147 5.33911586247371 
148 5.39126957118769 
149 5.44375508233793 
150 5.49657103696702 
151 5.54971600168108 
152 5.60318846814123 
153 5.65698685258282 
154 5.71110949536323 
155 5.76555466053896 
156 5.82032053547286 
157 5.87540523047231 
158 5.930806778459 
159 5.98652313467126 
160 6.04255217639943 
161 6.09889170275521 
162 6.15553943447562 
163 6.21249301376214 
164 6.26975000415595 
165 6.32730789044967 
166 6.38516407863635 
167 6.44331589589632 
168 6.50176059062243 
169 6.56049533248424 
170 6.6195172125317 
171 6.67882324333886 
172 6.73841035918796 
173 6.7982754162945 
174 6.85841519307354 
175 6.91882639044775 
176 6.97950563219743 
177 7.04044946535295 
178 7.10165436062967 
179 7.16311671290587 
180 7.22483284174366 
181 7.28679899195309 
182 7.34901133419964 
183 7.41146596565522 
184 7.47415891069249 
185 7.5370861216229 
186 7.60024347947797 
187 7.66362679483413 
188 7.72723180868077 
189 7.79105419333139 
190 7.85508955337769 
191 7.91933342668633 
192 7.98378128543806 
193 8.04842853720889 
194 8.11327052609297 
195 8.1783025338667 
196 8.24351978119359 
197 8.30891742886947 
198 8.37449057910739 
199 8.44023427686167 
200 8.5061435111904 
201 8.57221321665586 
202 8.63843827476187 
203 8.70481351542766 
204 8.77133371849705 
205 8.83799361528247 
206 8.90478789014269 
207 8.97171118209333 
208 9.03875808644944 
209 9.10592315649873 
210 9.17320090520483 
211 9.24058580693924 
212 9.30807229924086 
213 9.37565478460219 
214 9.44332763228066 
215 9.51108518013426 
216 9.57892173647993 
217 9.64683158197361 
218 9.71480897151062 
219 9.78284813614503 
220 9.85094328502666 
221 9.91908860735446 
222 9.98727827434471 
223 10.0555064412128 
224 10.1237672491669 
225 10.1920548274127 
226 10.260363295167 
227 10.3286867636789 
228 10.3970193382578 
229 10.4653551203056 
230 10.5336882093526 
231 10.6020127050949 
232 10.6703227094326 
233 10.7386123285059 
234 10.8068756747295 
235 10.8751068688225 
236 10.9433000418321 
237 11.0114493371511 
238 11.0795489125258 
239 11.1475929420548 
240 11.2155756181755 
241 11.2834911536381 
242 11.3513337834649 
243 11.4190977668941 
244 11.4867773893064 
245 11.5543669641328 
246 11.6218608347429 
247 11.6892533763119 
248 11.7565389976651 
249 11.8237121430983 
250 11.8907672941744 
251 11.9576989714923 
252 12.0245017364298 
253 12.091170192857 
254 12.1576989888207 
255 12.2240828181986 
256 12.2903164223201 
257 12.3563945915568 
258 12.4223121668773 
259 12.4880640413686 
260 12.5536451617217 
261 12.6190505296809 
262 12.6842752034562 
263 12.7493142990977 
264 12.8141629918317 
265 12.8788165173569 
266 12.9432701731021 
267 13.0075193194416 
268 13.0715593808719 
269 13.1353858471447 
270 13.1989942743596 
271 13.2623802860139 
272 13.3255395740095 
273 13.3884678996174 
274 13.4511610943984 
275 13.5136150610805 
276 13.5758257743929 
277 13.6377892818557 
278 13.6995017045261 
279 13.7609592377006 
280 13.8221581515724 
281 13.8830947918466 
282 13.9437655803095 
283 14.0041670153557 
284 14.0642956724706 
285 14.12414820467 
286 14.1837213428962 
287 14.2430118963713 
288 14.3020167529077 
289 14.3607328791765 
290 14.4191573209338 
291 14.4772872032052 
292 14.5351197304298 
293 14.5926521865629 
294 14.649881935139 
295 14.7068064192949 
296 14.7634231617537 
297 14.8197297647703 
298 14.8757239100395 
299 14.9314033585658 
300 14.9867659504974 
301 15.041809604924 
302 15.0965323196391 
303 15.1509321708682 
304 15.2050073129627 
305 15.2587559780609 
306 15.3121764757169 
307 15.3652671924974 
308 15.4180265915485 
309 15.4704532121319 
310 15.5225456691322 
311 15.5743026525363 
312 15.6257229268841 
313 15.6768053306942 
314 15.7275487758627 
315 15.7779522470372 
316 15.828014800967 
317 15.8777355658303 
318 15.9271137405379 
319 15.976148594017 
320 16.0248394644731 
321 16.0731857586327 
322 16.1211869509672 
323 16.1688425828983 
324 16.2161522619865 
325 16.2631156611032 
326 16.3097325175875 
327 16.356002632388 
328 16.401925869191 
329 16.4475021535355 
330 16.4927314719164 
331 16.5376138708761 
332 16.5821494560854 
333 16.6263383914146 
334 16.6701808979963 
335 16.713677253279 
336 16.7568277900738 
337 16.7996328955941 
338 16.8420930104899 
339 16.8842086278758 
340 16.9259802923552 
341 16.9674085990407 
342 17.0084941925706 
343 17.0492377661236 
344 17.0896400604312 
345 17.1297018627887 
346 17.1694240060663 
347 17.2088073677192 
348 17.2478528687991 
349 17.2865614729661 
350 17.324934185503 
351 17.3629720523312 
352 17.4006761590298 
353 17.4380476298576 
354 17.4750876267793 
355 17.5117973484954 
356 17.5481780294771 
357 17.5842309390062 
358 17.6199573802211 
359 17.6553586891675 
360 17.6904362338571 
361 17.7251914133317 
362 17.7596256567351 
363 17.7937404223923 
364 17.8275371968968 
365 17.8610174942051 
366 17.8941828547409 
367 17.927034844507 
368 17.9595750542067 
369 17.9918050983744 
370 18.0237266145153 
371 18.0553412622554 
372 18.0866507225014 
373 18.11765669661 
374 18.1483609055683 
375 18.1787650891849 
376 18.2088710052907 
377 18.2386804289516 
378 18.2681951516914 
379 18.2974169807265 
380 18.326347738211 
381 18.3549892604942 
382 18.3833433973884 
383 18.4114120114491 
384 18.4391969772665 
385 18.4667001807683 
386 18.4939235185347 
387 18.5208688971252 
388 18.5475382324167 
389 18.5739334489537 
390 18.6000564793104 
391 18.6259092634646 
392 18.6514937481832 
393 18.67681188642 
394 18.7018656367248 
395 18.7266569626647 
396 18.751187832257 
397 18.7754602174136 
398 18.7994760933976 
399 18.823237438291 
400 18.8467462324746 
401 18.8700044581184 
402 18.8930140986846 
403 18.9157771384414 
404 18.938295561988 
405 18.9605713537907 
406 18.982606497731 
407 19.0044029766638 
408 19.0259627719867 
409 19.0472878632206 
410 19.0683802276006 
411 19.0892418396777 
412 19.109874670931 
413 19.1302806893903 
414 19.1504618592688 
415 19.1704201406065 
416 19.1901574889233 
417 19.2096758548817 
418 19.22897718396 
419 19.2480634161345 
420 19.266936485572 
421 19.2855983203311 
422 19.3040508420727 
423 19.3222959657805 
424 19.3403355994894 
425 19.3581716440236 
426 19.3758059927435 
427 19.3932405313001 
428 19.4104771373994 
429 19.427517680574 
430 19.4443640219635 
431 19.4610180141024 
432 19.4774815007167 
433 19.4937563165277 
434 19.5098442870634 
435 19.5257472284777 
436 19.541466947377 
437 19.5570052406536 
438 19.5723638953265 
439 19.5875446883894 
440 19.6025493866648 
441 19.6173797466656 
442 19.6320375144624 
443 19.6465244255582 
444 19.6608422047683 
445 19.6749925661072 
446 19.688977212681 
447 19.702797836586 
448 19.7164561188129 
449 19.7299537291567 
450 19.7432923261316 
451 19.7564735568926 
452 19.7694990571606 
453 19.7823704511539 
454 19.7950893515242 
455 19.8076573592979 
456 19.8200760638212 
457 19.8323470427111 
458 19.8444718618102 
459 19.8564520751456 
460 19.8682892248932 
461 19.8799848413453 
462 19.8915404428824 
463 19.9029575359491 
464 19.9142376150342 
465 19.9253821626541 
466 19.9363926493397 
467 19.9472705336277 
468 19.9580172620545 
469 19.9686342691537 
470 19.9791229774574 
471 19.9894847974998 
472 19.9997211278244 
473 20.0098333549943 
474 20.019822853605 
475 20.0296909862999 
476 20.0394391037896 
477 20.0490685448722 
478 20.0585806364574 
479 20.0679766935926 
480 20.0772580194912 
481 20.0864259055638 
482 20.0954816314509 
483 20.1044264650583 
484 20.1132616625944 
485 20.1219884686093 
486 20.1306081160362 
487 20.1391218262341 
488 20.1475308090333 
489 20.1558362627814 
490 20.1640393743916 
491 20.1721413193929 
492 20.180143261981 
493 20.1880463550714 
494 20.1958517403534 
495 20.2035605483462 
496 20.2111738984549 
497 20.2186928990294 
498 20.2261186474231 
499 20.2334522300539 
500 20.2406947224649 
501 20.2478471893875 
502 20.2549106848049 
503 20.2618862520159 
504 20.2687749237007 
505 20.2755777219869 
506 20.2822956585162 
507 20.2889297345121 
508 20.2954809408483 
509 20.3019502581177 
510 20.3083386567016 
511 20.3146470968404 
512 20.3208765287039 
513 20.3270278924628 
514 20.3331021183601 
515 20.3391001267832 
516 20.3450228283366 
517 20.3508711239144 
518 20.3566459047739 
519 20.3623480526087 
520 20.3679784396225 
521 20.3735379286032 
522 20.3790273729969 
523 20.3844476169822 
524 20.3897994955451 
525 20.3950838345529 
526 20.4003014508296 
527 20.4054531522303 
528 20.4105397377163 
529 20.4155619974296 
530 20.420520712768 
531 20.42541665646 
532 20.4302505926396 
533 20.4350232769206 
534 20.4397354564722 
535 20.4443878700925 
536 20.4489812482837 
537 20.4535163133263 
538 20.4579937793528 
539 20.4624143524223 
540 20.4667787305941 
541 20.471087604001 
542 20.4753416549233 
543 20.4795415578614 
544 20.4836879796091 
545 20.487781579326 
546 20.4918230086101 
547 20.49581291157 
548 20.4997519248964 
549 20.503640677934 
550 20.5074797927523 
551 20.511269884217 
552 20.5150115600601 
553 20.5187054209503 
554 20.5223520605629 
555 20.5259520656492 
556 20.5295060161057 
557 20.5330144850429 
558 20.5364780388533 
559 20.53989723728 
560 20.5432726334837 
561 20.5466047741103 
562 20.5498941993572 
563 20.55314144304 
564 20.5563470326586 
565 20.5595114894619 
566 20.5626353285138 
567 20.5657190587573 
568 20.5687631830786 
569 20.5717681983712 
570 20.574734595599 
571 20.5776628598592 
572 20.5805534704445 
573 20.5834069009054 
574 20.5862236191111 
575 20.5890040873112 
576 20.5917487621957 
577 20.5944580949554 
578 20.5971325313413 
579 20.5997725117237 
580 20.6023784711511 
581 20.6049508394084 
582 20.6074900410743 
583 20.6099964955788 
584 20.6124706172599 
585 20.6149128154199 
586 20.6173234943814 
587 20.6197030535422 
588 20.6220518874306 
589 20.6243703857596 
590 20.6266589334809 
591 20.6289179108382 
592 20.6311476934203 
593 20.6333486522137 
594 20.6355211536543 
595 20.6376655596791 
596 20.6397822277775 
597 20.6418715110416 
598 20.6439337582164 
599 20.6459693137497 
600 20.6479785178411 
601 20.6499617064906 
602 20.6519192115473 
603 20.6538513607568 
604 20.6557584778089 
605 20.6576408823842 
606 20.6594988902008 
607 20.6613328130602 
608 20.6631429588927 
609 20.6649296318027 
610 20.6666931321134 
611 20.6684337564106 
612 20.670151797587 
613 20.6718475448851 
614 20.6735212839403 
615 20.6751732968233 
616 20.676803862082 
617 20.6784132547832 
618 20.6800017465539 
619 20.6815696056218 
620 20.6831170968555 
621 20.6846444818049 
622 20.68615201874 
623 20.6876399626907 
624 20.6891085654846 
625 20.6905580757862 
626 20.6919887391339 
627 20.6934007979779 
628 20.6947944917172 
629 20.6961700567358 
630 20.6975277264398 
631 20.6988677312924 
632 20.7001902988499 
633 20.7014956537964 
634 20.7027840179789 
635 20.7040556104413 
636 20.7053106474587 
637 20.7065493425703 
638 20.7077719066136 
639 20.7089785477562 
640 20.7101694715291 
641 20.7113448808583 
642 20.7125049760969 
643 20.7136499550561 
644 20.7147800130367 
645 20.7158953428595 
646 20.7169961348959 
647 20.7180825770975 
648 20.7191548550264 
649 20.7202131518838 
650 20.7212576485397 
651 20.7222885235613 
652 20.7233059532411 
653 20.7243101116254 
654 20.7253011705415 
655 20.7262792996258 
656 20.72724466635 
657 20.7281974360485 
658 20.7291377719448 
659 20.7300658351772 
660 20.7309817848252 
661 20.7318857779348 
662 20.7327779695437 
663 20.7336585127062 
664 20.7345275585181 
665 20.7353852561411 
666 20.7362317528265 
667 20.7370671939393 
668 20.7378917229819 
669 20.7387054816169 
670 20.7395086096904 
671 20.7403012452547 
672 20.7410835245905 
673 20.7418555822294 
674 20.7426175509757 
675 20.7433695619277 
676 20.7441117444996 
677 20.7448442264425 
678 20.7455671338651 
679 20.7462805912545 
680 20.7469847214965 
681 20.7476796458958 
682 20.7483654841959 
683 20.7490423545988 
684 20.7497103737843 
685 20.7503696569293 
686 20.7510203177268 
687 20.7516624684044 
688 20.7522962197433 
689 20.752921681096 
690 20.7535389604046 
691 20.7541481642189 
692 20.7547493977137 
693 20.7553427647062 
694 20.7559283676733 
695 20.7565063077689 
696 20.7570766848401 
697 20.757639597444 
698 20.7581951428645 
699 20.7587434171277 
700 20.7592845150185 
701 20.7598185300963 
702 20.7603455547102 
703 20.7608656800148 
704 20.7613789959852 
705 20.7618855914323 
706 20.762385554017 
707 20.7628789702656 
708 20.763365925584 
709 20.7638465042717 
710 20.7643207895362 
711 20.7647888635071 
712 20.7652508072495 
713 20.7657067007777 
714 20.7661566230688 
715 20.7666006520758 
716 20.767038864741 
717 20.7674713370082 
718 20.7678981438364 
719 20.7683193592118 
720 20.7687350561605 
721 20.7691453067607 
722 20.7695501821548 
723 20.7699497525616 
724 20.7703440872882 
725 20.7707332547411 
726 20.7711173224386 
727 20.7714963570217 
728 20.7718704242652 
729 20.7722395890895 
730 20.7726039155709 
731 20.7729634669527 
732 20.7733183056561 
733 20.7736684932905 
734 20.7740140906641 
735 20.7743551577941 
736 20.774691753917 
737 20.7750239374986 
738 20.7753517662438 
739 20.7756752971066 
740 20.7759945862999 
741 20.7763096893045 
742 20.7766206608791 
743 20.7769275550694 
744 20.7772304252172 
745 20.7775293239698 
746 20.7778243032886 
747 20.778115414458 
748 20.7784027080944 
749 20.7786862341548 
750 20.7789660419448 
751 20.7792421801279 
752 20.7795146967328 
753 20.7797836391625 
754 20.7800490542019 
755 20.7803109880259 
756 20.7805694862071 
757 20.7808245937241 
758 20.7810763549687 
759 20.7813248137537 
760 20.7815700133203 
761 20.7818119963456 
762 20.7820508049499 
763 20.7822864807039 
764 20.7825190646357 
765 20.782748597238 
766 20.7829751184751 
767 20.7831986677894 
768 20.7834192841085 
769 20.7836370058517 
770 20.7838518709368 
771 20.7840639167864 
772 20.7842731803343 
773 20.784479698032 
774 20.784683505855 
775 20.7848846393087 
776 20.7850831334348 
777 20.7852790228171 
778 20.7854723415876 
779 20.7856631234324 
780 20.7858514015972 
781 20.7860372088935 
782 20.7862205777037 
783 20.7864015399871 
784 20.7865801272854 
785 20.7867563707275 
786 20.786930301036 
787 20.7871019485312 
788 20.7872713431374 
789 20.7874385143875 
790 20.7876034914282 
791 20.7877663030248 
792 20.7879269775669 
793 20.7880855430723 
794 20.7882420271927 
795 20.7883964572177 
796 20.7885488600804 
797 20.788699262361 
798 20.7888476902925 
799 20.7889941697642 
800 20.7891387263269 
801 20.7892813851971 
802 20.7894221712611 
803 20.7895611090796 
804 20.7896982228921 
805 20.7898335366204 
806 20.7899670738735 
807 20.7900988579514 
808 20.7902289118489 
809 20.7903572582598 
810 20.7904839195809 
811 20.7906089179157 
812 20.7907322750785 
813 20.7908540125975 
814 20.7909741517195 
815 20.7910927134129 
816 20.7912097183714 
817 20.7913251870177 
818 20.7914391395073 
819 20.7915515957314 
820 20.7916625753208 
821 20.7917720976491 
822 20.7918801818363 
823 20.7919868467518 
824 20.7920921110177 
825 20.7921959930124 
826 20.7922985108734 
827 20.7923996825004 
828 20.7924995255588 
829 20.7925980574824 
830 20.7926952954768 
831 20.7927912565218 
832 20.7928859573748 
833 20.7929794145738 
834 20.7930716444398 
835 20.7931626630801 
836 20.7932524863908 
837 20.7933411300596 
838 20.7934286095686 
839 20.7935149401971 
840 20.793600137024 
841 20.7936842149306 
842 20.793767188603 
843 20.793849072535 
844 20.7939298810301 
845 20.7940096282045 
846 20.7940883279893 
847 20.7941659941328 
848 20.7942426402033 
849 20.7943182795909 
850 20.7943929255104 
851 20.794466591003 
852 20.7945392889393 
853 20.7946110320208 
854 20.7946818327825 
855 20.7947517035952 
856 20.7948206566672 
857 20.7948887040468 
858 20.7949558576244 
859 20.7950221291343 
860 20.7950875301569 
861 20.7951520721208 
862 20.7952157663046 
863 20.7952786238391 
864 20.7953406557089 
865 20.7954018727548 
866 20.795462285675 
867 20.7955219050277 
868 20.7955807412324 
869 20.795638804572 
870 20.7956961051944 
871 20.7957526531146 
872 20.7958084582159 
873 20.7958635302522 
874 20.7959178788492 
875 20.7959715135064 
876 20.7960244435988 
877 20.7960766783781 
878 20.7961282269749 
879 20.7961790983998 
880 20.7962293015452 
881 20.796278845187 
882 20.7963277379855 
883 20.7963759884879 
884 20.7964236051288 
885 20.7964705962324 
886 20.7965169700135 
887 20.796562734579 
888 20.7966078979298 
889 20.7966524679614 
890 20.7966964524657 
891 20.7967398591327 
892 20.796782695551 
893 20.79682496921 
894 20.7968666875005 
895 20.7969078577165 
896 20.7969484870561 
897 20.796988582623 
898 20.7970281514277 
899 20.7970672003887 
900 20.7971057363335 
901 20.7971437660001 
902 20.7971812960382 
903 20.7972183330099 
904 20.7972548833913 
905 20.7972909535737 
906 20.7973265498641 
907 20.797361678487 
908 20.7973963455851 
909 20.7974305572204 
910 20.7974643193754 
911 20.797497637954 
912 20.7975305187827 
913 20.7975629676113 
914 20.7975949901143 
915 20.7976265918916 
916 20.7976577784696 
917 20.7976885553022 
918 20.7977189277717 
919 20.7977489011895 
920 20.7977784807975 
921 20.7978076717688 
922 20.7978364792084 
923 20.7978649081544 
924 20.7978929635787 
925 20.7979206503879 
926 20.7979479734242 
927 20.7979749374661 
928 20.7980015472297 
929 20.7980278073687 
930 20.7980537224761 
931 20.7980792970843 
932 20.7981045356663 
933 20.7981294426364 
934 20.7981540223509 
935 20.7981782791088 
936 20.7982022171529 
937 20.7982258406699 
938 20.7982491537918 
939 20.7982721605963 
940 20.7982948651076 
941 20.7983172712967 
942 20.798339383083 
943 20.798361204334 
944 20.7983827388665 
945 20.7984039904474 
946 20.7984249627938 
947 20.7984456595741 
948 20.7984660844087 
949 20.7984862408703 
950 20.7985061324845 
951 20.798525762731 
952 20.7985451350434 
953 20.7985642528105 
954 20.7985831193764 
955 20.7986017380414 
956 20.7986201120623 
957 20.7986382446534 
958 20.7986561389864 
959 20.7986737981917 
960 20.7986912253584 
961 20.7987084235351 
962 20.7987253957302 
963 20.7987421449127 
964 20.7987586740127 
965 20.7987749859217 
966 20.7987910834932 
967 20.7988069695432 
968 20.7988226468509 
969 20.7988381181587 
970 20.7988533861732 
971 20.7988684535655 
972 20.7988833229713 
973 20.798897996992 
974 20.7989124781946 
975 20.7989267691126 
976 20.7989408722461 
977 20.7989547900622 
978 20.7989685249959 
979 20.79898207945 
980 20.7989954557959 
981 20.7990086563736 
982 20.7990216834926 
983 20.7990345394319 
984 20.7990472264408 
985 20.7990597467387 
986 20.7990721025162 
987 20.7990842959348 
988 20.7990963291278 
989 20.7991082042005 
990 20.7991199232304 
991 20.7991314882678 
992 20.7991429013361 
993 20.799154164432 
994 20.7991652795261 
995 20.799176248563 
996 20.7991870734619 
997 20.7991977561165 
998 20.799208298396 
999 20.7992187021447 
1000 20.799228969183 
1001 20.799239101307 
1002 20.7992491002896 
1003 20.7992589678801 
1004 20.799268705805 
1005 20.7992783157681 
1006 20.7992877994506 
1007 20.799297158512 
1008 20.7993063945896 
1009 20.7993155092995 
1010 20.7993245042364 
1011 20.7993333809741 
1012 20.7993421410657 
1013 20.7993507860439 
1014 20.7993593174213 
1015 20.7993677366905 
1016 20.7993760453247 
1017 20.7993842447776 
1018 20.7993923364839 
1019 20.7994003218592 
1020 20.7994082023009 
1021 20.7994159791877 
1022 20.7994236538803 
1023 20.7994312277216 
1024 20.7994387020368 
1025 20.7994460781336 
1026 20.7994533573026 
1027 20.7994605408175 
1028 20.7994676299352 
1029 20.7994746258961 
1030 20.7994815299243 
1031 20.7994883432277 
1032 20.7994950669985 
1033 20.7995017024133 
1034 20.799508250633 
1035 20.7995147128033 
1036 20.7995210900551 
1037 20.7995273835041 
1038 20.7995335942515 
1039 20.7995397233841 
1040 20.7995457719743 
1041 20.7995517410805 
1042 20.7995576317471 
1043 20.7995634450048 
1044 20.7995691818708 
1045 20.799574843349 
1046 20.7995804304299 
1047 20.7995859440912 
1048 20.7995913852976 
1049 20.7995967550012 
1050 20.7996020541417 
1051 20.7996072836462 
1052 20.7996124444298 
1053 20.7996175373955 
1054 20.7996225634345 
1055 20.7996275234262 
1056 20.7996324182386 
1057 20.7996372487281 
1058 20.7996420157399 
1059 20.7996467201082 
1060 20.7996513626562 
1061 20.7996559441963 
1062 20.79966046553 
1063 20.7996649274486 
1064 20.7996693307328 
1065 20.7996736761531 
1066 20.7996779644699 
1067 20.7996821964335 
1068 20.7996863727845 
1069 20.7996904942537 
1070 20.7996945615622 
1071 20.7996985754218 
1072 20.7997025365348 
1073 20.7997064455943 
1074 20.7997103032844 
1075 20.79971411028 
1076 20.7997178672475 
1077 20.7997215748441 
1078 20.7997252337186 
1079 20.7997288445114 
1080 20.7997324078541 
1081 20.7997359243704 
1082 20.7997393946756 
1083 20.799742819377 
1084 20.7997461990737 
1085 20.7997495343573 
1086 20.7997528258113 
1087 20.7997560740117 
1088 20.7997592795269 
1089 20.7997624429179 
1090 20.799765564738 
1091 20.7997686455337 
1092 20.7997716858441 
1093 20.7997746862011 
1094 20.7997776471298 
1095 20.7997805691483 
1096 20.7997834527679 
1097 20.7997862984932 
1098 20.7997891068222 
1099 20.7997918782463 
1100 20.7997946132504 
1101 20.7997973123133 
1102 20.7997999759071 
1103 20.7998026044979 
1104 20.7998051985458 
1105 20.7998077585047 
1106 20.7998102848225 
1107 20.7998127779413 
1108 20.7998152382974 
1109 20.7998176663213 
1110 20.7998200624379 
1111 20.7998224270665 
1112 20.7998247606209 
1113 20.7998270635094 
1114 20.7998293361349 
1115 20.7998315788953 
1116 20.7998337921829 
1117 20.7998359763851 
1118 20.7998381318841 
1119 20.799840259057 
1120 20.7998423582761 
1121 20.7998444299087 
1122 20.7998464743174 
1123 20.7998484918599 
1124 20.7998504828893 
1125 20.7998524477539 
1126 20.7998543867976 
1127 20.7998563003598 
1128 20.7998581887752 
1129 20.7998600523744 
1130 20.7998618914834 
1131 20.7998637064241 
1132 20.7998654975141 
1133 20.7998672650668 
1134 20.7998690093914 
1135 20.7998707307934 
1136 20.7998724295738 
1137 20.79987410603 
1138 20.7998757604552 
1139 20.7998773931392 
1140 20.7998790043674 
1141 20.799880594422 
1142 20.7998821635811 
1143 20.7998837121194 
1144 20.7998852403077 
1145 20.7998867484136 
1146 20.799888236701 
1147 20.7998897054302 
1148 20.7998911548584 
1149 20.7998925852391 
1150 20.7998939968226 
1151 20.799895389856 
1152 20.799896764583 
1153 20.7998981212443 
1154 20.7998994600772 
1155 20.7999007813159 
1156 20.7999020851918 
1157 20.799903371933 
1158 20.7999046417646 
1159 20.7999058949089 
1160 20.7999071315851 
1161 20.7999083520097 
1162 20.7999095563962 
1163 20.7999107449555 
1164 20.7999119178954 
1165 20.7999130754213 
1166 20.7999142177356 
1167 20.7999153450384 
1168 20.7999164575269 
1169 20.7999175553957 
1170 20.7999186388369 
1171 20.7999197080403 
1172 20.7999207631928 
1173 20.7999218044792 
1174 20.7999228320816 
1175 20.7999238461798 
1176 20.7999248469514 
1177 20.7999258345714 
1178 20.7999268092128 
1179 20.7999277710459 
1180 20.7999287202393 
1181 20.7999296569589 
1182 20.7999305813686 
1183 20.7999314936304 
1184 20.7999323939037 
1185 20.7999332823462 
1186 20.7999341591133 
1187 20.7999350243584 
1188 20.7999358782329 
1189 20.7999367208864 
1190 20.7999375524662 
1191 20.7999383731178 
1192 20.799939182985 
1193 20.7999399822093 
1194 20.7999407709307 
1195 20.7999415492871 
1196 20.7999423174149 
1197 20.7999430754483 
1198 20.7999438235201 
1199 20.7999445617612 
1200 20.7999452903008 
1201 20.7999460092662 
1202 20.7999467187835 
1203 20.7999474189767 
1204 20.7999481099683 
1205 20.7999487918794 
1206 20.7999494648291 
1207 20.7999501289353 
1208 20.7999507843142 
1209 20.7999514310805 
1210 20.7999520693474 
1211 20.7999526992265 
1212 20.7999533208281 
1213 20.7999539342609 
1214 20.7999545396324 
1215 20.7999551370484 
1216 20.7999557266135 
1217 20.7999563084308 
1218 20.7999568826023 
1219 20.7999574492283 
1220 20.799958008408 
1221 20.7999585602393 
1222 20.7999591048187 
1223 20.7999596422416 
1224 20.799960172602 
1225 20.7999606959926 
1226 20.7999612125052 
1227 20.79996172223 
1228 20.7999622252563 
1229 20.7999627216721 
1230 20.7999632115643 
1231 20.7999636950185 
1232 20.7999641721195 
1233 20.7999646429507 
1234 20.7999651075945 
1235 20.7999655661322 
1236 20.7999660186441 
1237 20.7999664652092 
1238 20.7999669059059 
1239 20.7999673408112 
1240 20.7999677700011 
1241 20.7999681935509 
1242 20.7999686115347 
1243 20.7999690240255 
1244 20.7999694310956 
1245 20.7999698328162 
1246 20.7999702292576 
1247 20.7999706204892 
1248 20.7999710065794 
1249 20.7999713875958 
1250 20.7999717636052 
1251 20.7999721346732 
1252 20.7999725008648 
1253 20.7999728622441 
1254 20.7999732188744 
1255 20.7999735708181 
1256 20.7999739181367 
1257 20.799974260891 
1258 20.799974599141 
1259 20.7999749329459 
1260 20.7999752623642 
1261 20.7999755874533 
1262 20.7999759082704 
1263 20.7999762248714 
1264 20.7999765373119 
1265 20.7999768456464 
1266 20.7999771499289 
1267 20.7999774502128 
1268 20.7999777465504 
1269 20.7999780389938 
1270 20.799978327594 
1271 20.7999786124015 
1272 20.7999788934663 
1273 20.7999791708375 
1274 20.7999794445636 
1275 20.7999797146926 
1276 20.7999799812716 
1277 20.7999802443475 
1278 20.7999805039661 
1279 20.7999807601729 
1280 20.7999810130128 
1281 20.79998126253 
1282 20.7999815087682 
1283 20.7999817517705 
1284 20.7999819915794 
1285 20.7999822282368 
1286 20.7999824617841 
1287 20.7999826922624 
1288 20.7999829197118 
1289 20.7999831441722 
1290 20.7999833656828 
1291 20.7999835842825 
1292 20.7999838000094 
1293 20.7999840129014 
1294 20.7999842229956 
1295 20.7999844303289 
1296 20.7999846349376 
1297 20.7999848368574 
1298 20.7999850361236 
1299 20.7999852327712 
1300 20.7999854268346 
1301 20.7999856183477 
1302 20.799985807344 
1303 20.7999859938566 
1304 20.7999861779182 
1305 20.7999863595609 
1306 20.7999865388166 
1307 20.7999867157166 
1308 20.7999868902919 
1309 20.799987062573 
1310 20.79998723259 
1311 20.7999874003728 
1312 20.7999875659507 
1313 20.7999877293526 
1314 20.7999878906072 
1315 20.7999880497427 
1316 20.7999882067869 
1317 20.7999883617672 
1318 20.799988514711 
1319 20.7999886656448 
1320 20.7999888145951 
1321 20.799988961588 
1322 20.7999891066492 
1323 20.7999892498041 
1324 20.7999893910777 
1325 20.7999895304947 
1326 20.7999896680796 
1327 20.7999898038565 
1328 20.799989937849 
1329 20.7999900700807 
1330 20.7999902005746 
1331 20.7999903293537 
1332 20.7999904564404 
1333 20.799990581857 
1334 20.7999907056254 
1335 20.7999908277674 
1336 20.7999909483042 
1337 20.799991067257 
1338 20.7999911846466 
1339 20.7999913004935 
1340 20.799991414818 
1341 20.7999915276401 
1342 20.7999916389795 
1343 20.7999917488558 
1344 20.7999918572881 
1345 20.7999919642955 
1346 20.7999920698967 
1347 20.7999921741101 
1348 20.799992276954 
1349 20.7999923784463 
1350 20.7999924786049 
1351 20.7999925774473 
1352 20.7999926749907 
1353 20.7999927712522 
1354 20.7999928662488 
1355 20.7999929599969 
1356 20.7999930525131 
1357 20.7999931438134 
1358 20.7999932339139 
1359 20.7999933228304 
1360 20.7999934105784 
1361 20.7999934971732 
1362 20.7999935826301 
1363 20.7999936669639 
1364 20.7999937501895 
1365 20.7999938323213 
1366 20.7999939133738 
1367 20.7999939933612 
1368 20.7999940722974 
1369 20.7999941501963 
1370 20.7999942270714 
1371 20.7999943029363 
1372 20.7999943778042 
1373 20.7999944516883 
1374 20.7999945246014 
1375 20.7999945965563 
1376 20.7999946675656 
1377 20.7999947376418 
1378 20.7999948067971 
1379 20.7999948750435 
1380 20.7999949423931 
1381 20.7999950088576 
1382 20.7999950744487 
1383 20.7999951391778 
1384 20.7999952030562 
1385 20.7999952660953 
1386 20.7999953283058 
1387 20.7999953896989 
1388 20.7999954502851 
1389 20.7999955100752 
1390 20.7999955690795 
1391 20.7999956273084 
1392 20.7999956847721 
1393 20.7999957414807 
1394 20.799995797444 
1395 20.7999958526719 
1396 20.7999959071739 
1397 20.7999959609598 
1398 20.7999960140388 
1399 20.7999960664203 
1400 20.7999961181134 
1401 20.7999961691272 
1402 20.7999962194706 
1403 20.7999962691524 
1404 20.7999963181813 
1405 20.7999963665659 
1406 20.7999964143147 
1407 20.799996461436 
1408 20.799996507938 
1409 20.7999965538289 
1410 20.7999965991167 
1411 20.7999966438094 
1412 20.7999966879148 
1413 20.7999967314406 
1414 20.7999967743943 
1415 20.7999968167836 
1416 20.7999968586158 
1417 20.7999968998983 
1418 20.7999969406383 
1419 20.7999969808429 
1420 20.7999970205191 
1421 20.799997059674 
1422 20.7999970983142 
1423 20.7999971364467 
1424 20.7999971740781 
1425 20.7999972112149 
1426 20.7999972478637 
1427 20.7999972840309 
1428 20.7999973197228 
1429 20.7999973549457 
1430 20.7999973897056 
1431 20.7999974240088 
1432 20.7999974578612 
1433 20.7999974912687 
1434 20.7999975242372 
1435 20.7999975567724 
1436 20.7999975888801 
1437 20.7999976205658 
1438 20.7999976518351 
1439 20.7999976826935 
1440 20.7999977131464 
1441 20.7999977431991 
1442 20.7999977728568 
1443 20.7999978021248 
1444 20.7999978310082 
1445 20.799997859512 
1446 20.7999978876412 
1447 20.7999979154007 
1448 20.7999979427955 
1449 20.7999979698302 
1450 20.7999979965097 
1451 20.7999980228386 
1452 20.7999980488214 
1453 20.7999980744628 
1454 20.7999980997673 
1455 20.7999981247392 
1456 20.7999981493829 
1457 20.7999981737028 
1458 20.7999981977031 
1459 20.7999982213879 
1460 20.7999982447616 
1461 20.799998267828 
1462 20.7999982905914 
1463 20.7999983130555 
1464 20.7999983352245 
1465 20.7999983571022 
1466 20.7999983786923 
1467 20.7999983999987 
1468 20.7999984210251 
1469 20.7999984417752 
1470 20.7999984622526 
1471 20.7999984824609 
1472 20.7999985024037 
1473 20.7999985220843 
1474 20.7999985415063 
1475 20.7999985606731 
1476 20.799998579588 
1477 20.7999985982544 
1478 20.7999986166754 
1479 20.7999986348544 
1480 20.7999986527944 
1481 20.7999986704987 
1482 20.7999986879703 
1483 20.7999987052124 
1484 20.7999987222278 
1485 20.7999987390197 
1486 20.7999987555908 
1487 20.7999987719442 
1488 20.7999987880827 
1489 20.7999988040091 
1490 20.7999988197262 
1491 20.7999988352368 
1492 20.7999988505435 
1493 20.7999988656491 
1494 20.7999988805562 
1495 20.7999988952673 
1496 20.7999989097852 
1497 20.7999989241122 
1498 20.799998938251 
1499 20.799998952204 
1500 20.7999989659736 
1501 20.7999989795622 
1502 20.7999989929723 
1503 20.7999990062062 
1504 20.7999990192661 
1505 20.7999990321544 
1506 20.7999990448734 
1507 20.7999990574252 
1508 20.799999069812 
1509 20.7999990820361 
1510 20.7999990940995 
1511 20.7999991060044 
1512 20.7999991177528 
1513 20.7999991293469 
1514 20.7999991407885 
1515 20.7999991520799 
1516 20.7999991632228 
1517 20.7999991742193 
1518 20.7999991850713 
1519 20.7999991957807 
1520 20.7999992063493 
1521 20.7999992167791 
1522 20.7999992270718 
1523 20.7999992372292 
1524 20.7999992472532 
1525 20.7999992571454 
1526 20.7999992669076 
1527 20.7999992765415 
1528 20.7999992860489 
1529 20.7999992954313 
1530 20.7999993046903 
1531 20.7999993138278 
1532 20.7999993228451 
1533 20.7999993317439 
1534 20.7999993405258 
1535 20.7999993491923 
1536 20.7999993577449 
1537 20.7999993661851 
1538 20.7999993745143 
1539 20.7999993827341 
1540 20.7999993908459 
1541 20.7999993988511 
1542 20.7999994067511 
1543 20.7999994145473 
1544 20.799999422241 
1545 20.7999994298337 
1546 20.7999994373265 
1547 20.7999994447209 
1548 20.7999994520181 
1549 20.7999994592194 
1550 20.799999466326 
1551 20.7999994733393 
1552 20.7999994802604 
1553 20.7999994870906 
1554 20.799999493831 
1555 20.7999995004828 
1556 20.7999995070472 
1557 20.7999995135253 
1558 20.7999995199183 
1559 20.7999995262273 
1560 20.7999995324534 
1561 20.7999995385977 
1562 20.7999995446612 
1563 20.799999550645 
1564 20.7999995565502 
1565 20.7999995623778 
1566 20.7999995681288 
1567 20.7999995738043 
1568 20.7999995794051 
1569 20.7999995849324 
1570 20.799999590387 
1571 20.7999995957699 
1572 20.7999996010821 
1573 20.7999996063245 
1574 20.7999996114979 
1575 20.7999996166034 
1576 20.7999996216418 
1577 20.799999626614 
1578 20.7999996315209 
1579 20.7999996363633 
1580 20.799999641142 
1581 20.7999996458579 
1582 20.7999996505119 
1583 20.7999996551047 
1584 20.7999996596371 
1585 20.79999966411 
1586 20.7999996685241 
1587 20.7999996728802 
1588 20.799999677179 
1589 20.7999996814214 
1590 20.799999685608 
1591 20.7999996897396 
1592 20.7999996938168 
1593 20.7999996978405 
1594 20.7999997018114 
1595 20.79999970573 
1596 20.7999997095972 
1597 20.7999997134135 
1598 20.7999997171797 
1599 20.7999997208963 
1600 20.7999997245642 
1601 20.7999997281838 
1602 20.7999997317559 
1603 20.799999735281 
1604 20.7999997387598 
1605 20.7999997421929 
1606 20.7999997455809 
1607 20.7999997489243 
1608 20.7999997522238 
1609 20.79999975548 
1610 20.7999997586933 
1611 20.7999997618645 
1612 20.7999997649939 
1613 20.7999997680823 
1614 20.79999977113 
1615 20.7999997741377 
1616 20.7999997771059 
1617 20.799999780035 
1618 20.7999997829257 
1619 20.7999997857784 
1620 20.7999997885936 
1621 20.7999997913718 
1622 20.7999997941135 
1623 20.7999997968191 
1624 20.7999997994892 
1625 20.7999998021242 
1626 20.7999998047246 
1627 20.7999998072908 
1628 20.7999998098233 
1629 20.7999998123225 
1630 20.7999998147889 
1631 20.7999998172228 
1632 20.7999998196248 
1633 20.7999998219952 
1634 20.7999998243344 
1635 20.7999998266429 
1636 20.7999998289211 
1637 20.7999998311693 
1638 20.799999833388 
1639 20.7999998355776 
1640 20.7999998377383 
1641 20.7999998398707 
1642 20.799999841975 
1643 20.7999998440517 
1644 20.7999998461011 
1645 20.7999998481236 
1646 20.7999998501194 
1647 20.7999998520891 
1648 20.7999998540329 
1649 20.7999998559511 
1650 20.7999998578441 
1651 20.7999998597122 
1652 20.7999998615558 
1653 20.7999998633752 
1654 20.7999998651707 
1655 20.7999998669425 
1656 20.7999998686911 
1657 20.7999998704167 
1658 20.7999998721196 
1659 20.7999998738001 
1660 20.7999998754586 
1661 20.7999998770952 
1662 20.7999998787104 
1663 20.7999998803043 
1664 20.7999998818773 
1665 20.7999998834296 
1666 20.7999998849615 
1667 20.7999998864733 
1668 20.7999998879652 
1669 20.7999998894375 
1670 20.7999998908905 
1671 20.7999998923243 
1672 20.7999998937394 
1673 20.7999998951358 
1674 20.7999998965138 
1675 20.7999998978738 
1676 20.7999998992159 
1677 20.7999999005404 
1678 20.7999999018474 
1679 20.7999999031373 
1680 20.7999999044102 
1681 20.7999999056664 
1682 20.7999999069061 
1683 20.7999999081295 
1684 20.7999999093368 
1685 20.7999999105282 
1686 20.799999911704 
1687 20.7999999128644 
1688 20.7999999140095 
1689 20.7999999151395 
1690 20.7999999162547 
1691 20.7999999173552 
1692 20.7999999184413 
1693 20.7999999195131 
1694 20.7999999205708 
1695 20.7999999216146 
1696 20.7999999226448 
1697 20.7999999236613 
1698 20.7999999246645 
1699 20.7999999256545 
1700 20.7999999266316 
1701 20.7999999275957 
1702 20.7999999285472 
1703 20.7999999294862 
1704 20.7999999304129 
1705 20.7999999313274 
1706 20.7999999322298 
1707 20.7999999331204 
1708 20.7999999339993 
1709 20.7999999348667 
1710 20.7999999357226 
1711 20.7999999365673 
1712 20.7999999374009 
1713 20.7999999382236 
1714 20.7999999390354 
1715 20.7999999398366 
1716 20.7999999406272 
1717 20.7999999414074 
1718 20.7999999421774 
1719 20.7999999429373 
1720 20.7999999436872 
1721 20.7999999444272 
1722 20.7999999451575 
1723 20.7999999458782 
1724 20.7999999465895 
1725 20.7999999472914 
1726 20.799999947984 
1727 20.7999999486676 
1728 20.7999999493422 
1729 20.7999999500079 
1730 20.7999999506649 
1731 20.7999999513132 
1732 20.799999951953 
1733 20.7999999525844 
1734 20.7999999532076 
1735 20.7999999538225 
1736 20.7999999544293 
1737 20.7999999550282 
1738 20.7999999556192 
1739 20.7999999562024 
1740 20.799999956778 
1741 20.799999957346 
1742 20.7999999579065 
1743 20.7999999584597 
1744 20.7999999590056 
1745 20.7999999595443 
1746 20.799999960076 
1747 20.7999999606006 
1748 20.7999999611184 
1749 20.7999999616294 
1750 20.7999999621336 
1751 20.7999999626312 
1752 20.7999999631223 
1753 20.7999999636069 
1754 20.7999999640852 
1755 20.7999999645572 
1756 20.7999999650229 
1757 20.7999999654826 
1758 20.7999999659362 
1759 20.7999999663838 
1760 20.7999999668256 
1761 20.7999999672616 
1762 20.7999999676918 
1763 20.7999999681164 
1764 20.7999999685354 
1765 20.7999999689489 
1766 20.7999999693569 
1767 20.7999999697596 
1768 20.799999970157 
1769 20.7999999705492 
1770 20.7999999709362 
1771 20.7999999713182 
1772 20.7999999716951 
1773 20.7999999720671 
1774 20.7999999724342 
1775 20.7999999727964 
1776 20.7999999731539 
1777 20.7999999735067 
1778 20.7999999738549 
1779 20.7999999741985 
1780 20.7999999745375 
1781 20.7999999748721 
1782 20.7999999752024 
1783 20.7999999755282 
1784 20.7999999758498 
1785 20.7999999761672 
1786 20.7999999764804 
1787 20.7999999767895 
1788 20.7999999770945 
1789 20.7999999773955 
1790 20.7999999776926 
1791 20.7999999779857 
1792 20.799999978275 
1793 20.7999999785605 
1794 20.7999999788423 
1795 20.7999999791203 
1796 20.7999999793947 
1797 20.7999999796655 
1798 20.7999999799327 
1799 20.7999999801964 
1800 20.7999999804567 
1801 20.7999999807135 
1802 20.7999999809669 
1803 20.7999999812171 
1804 20.7999999814639 
1805 20.7999999817075 
1806 20.7999999819479 
1807 20.7999999821851 
1808 20.7999999824192 
1809 20.7999999826503 
1810 20.7999999828783 
1811 20.7999999831033 
1812 20.7999999833253 
1813 20.7999999835444 
1814 20.7999999837607 
1815 20.7999999839741 
1816 20.7999999841847 
1817 20.7999999843925 
1818 20.7999999845976 
1819 20.7999999848001 
1820 20.7999999849998 
1821 20.7999999851969 
1822 20.7999999853915 
1823 20.7999999855834 
1824 20.7999999857729 
1825 20.7999999859599 
1826 20.7999999861444 
1827 20.7999999863264 
1828 20.7999999865061 
1829 20.7999999866835 
1830 20.7999999868585 
1831 20.7999999870312 
1832 20.7999999872016 
1833 20.7999999873698 
1834 20.7999999875358 
1835 20.7999999876996 
1836 20.7999999878612 
1837 20.7999999880207 
1838 20.7999999881782 
1839 20.7999999883335 
1840 20.7999999884868 
1841 20.7999999886381 
1842 20.7999999887874 
1843 20.7999999889348 
1844 20.7999999890802 
1845 20.7999999892237 
1846 20.7999999893653 
1847 20.7999999895051 
1848 20.799999989643 
1849 20.7999999897791 
1850 20.7999999899134 
1851 20.799999990046 
1852 20.7999999901768 
1853 20.7999999903059 
1854 20.7999999904333 
1855 20.799999990559 
1856 20.7999999906831 
1857 20.7999999908055 
1858 20.7999999909263 
1859 20.7999999910456 
1860 20.7999999911632 
1861 20.7999999912794 
1862 20.799999991394 
1863 20.7999999915071 
1864 20.7999999916187 
1865 20.7999999917288 
1866 20.7999999918375 
1867 20.7999999919448 
1868 20.7999999920506 
1869 20.7999999921551 
1870 20.7999999922582 
1871 20.7999999923599 
1872 20.7999999924603 
1873 20.7999999925594 
1874 20.7999999926572 
1875 20.7999999927537 
1876 20.7999999928489 
1877 20.7999999929429 
1878 20.7999999930356 
1879 20.7999999931272 
1880 20.7999999932175 
1881 20.7999999933066 
1882 20.7999999933946 
1883 20.7999999934814 
1884 20.799999993567 
1885 20.7999999936516 
1886 20.799999993735 
1887 20.7999999938173 
1888 20.7999999938986 
1889 20.7999999939788 
1890 20.7999999940579 
1891 20.799999994136 
1892 20.799999994213 
1893 20.7999999942891 
1894 20.7999999943641 
1895 20.7999999944382 
1896 20.7999999945113 
1897 20.7999999945834 
1898 20.7999999946546 
1899 20.7999999947249 
1900 20.7999999947942 
1901 20.7999999948626 
1902 20.7999999949301 
1903 20.7999999949967 
1904 20.7999999950625 
1905 20.7999999951274 
1906 20.7999999951914 
1907 20.7999999952546 
1908 20.799999995317 
1909 20.7999999953785 
1910 20.7999999954392 
1911 20.7999999954992 
1912 20.7999999955583 
1913 20.7999999956167 
1914 20.7999999956743 
1915 20.7999999957311 
1916 20.7999999957872 
1917 20.7999999958426 
1918 20.7999999958972 
1919 20.7999999959511 
1920 20.7999999960043 
1921 20.7999999960569 
1922 20.7999999961087 
1923 20.7999999961598 
1924 20.7999999962103 
1925 20.7999999962601 
1926 20.7999999963092 
1927 20.7999999963577 
1928 20.7999999964056 
1929 20.7999999964528 
1930 20.7999999964994 
1931 20.7999999965455 
1932 20.7999999965909 
1933 20.7999999966357 
1934 20.7999999966799 
1935 20.7999999967235 
1936 20.7999999967666 
1937 20.799999996809 
1938 20.799999996851 
1939 20.7999999968924 
1940 20.7999999969332 
1941 20.7999999969735 
1942 20.7999999970133 
1943 20.7999999970525 
1944 20.7999999970913 
1945 20.7999999971295 
1946 20.7999999971672 
1947 20.7999999972044 
1948 20.7999999972412 
1949 20.7999999972774 
1950 20.7999999973132 
1951 20.7999999973485 
1952 20.7999999973834 
1953 20.7999999974177 
1954 20.7999999974517 
1955 20.7999999974852 
1956 20.7999999975182 
1957 20.7999999975508 
1958 20.799999997583 
1959 20.7999999976148 
1960 20.7999999976461 
1961 20.7999999976771 
1962 20.7999999977076 
1963 20.7999999977377 
1964 20.7999999977674 
1965 20.7999999977968 
1966 20.7999999978257 
1967 20.7999999978543 
1968 20.7999999978825 
1969 20.7999999979103 
1970 20.7999999979378 
1971 20.7999999979649 
1972 20.7999999979916 
1973 20.799999998018 
1974 20.7999999980441 
1975 20.7999999980698 
1976 20.7999999980951 
1977 20.7999999981202 
1978 20.7999999981449 
1979 20.7999999981693 
1980 20.7999999981933 
1981 20.7999999982171 
1982 20.7999999982405 
1983 20.7999999982636 
1984 20.7999999982864 
1985 20.7999999983089 
1986 20.7999999983312 
1987 20.7999999983531 
1988 20.7999999983747 
1989 20.7999999983961 
1990 20.7999999984172 
1991 20.799999998438 
1992 20.7999999984585 
1993 20.7999999984788 
1994 20.7999999984987 
1995 20.7999999985185 
1996 20.7999999985379 
1997 20.7999999985572 
1998 20.7999999985761 
1999 20.7999999985948 
2000 20.7999999986133 
2001 20.7999999986315 
2002 20.7999999986495 
2003 20.7999999986673 
2004 20.7999999986848 
2005 20.799999998702 
2006 20.7999999987191 
2007 20.7999999987359 
2008 20.7999999987525 
2009 20.7999999987689 
2010 20.7999999987851 
2011 20.7999999988011 
2012 20.7999999988168 
2013 20.7999999988324 
2014 20.7999999988477 
2015 20.7999999988629 
2016 20.7999999988778 
2017 20.7999999988926 
2018 20.7999999989071 
2019 20.7999999989215 
2020 20.7999999989357 
2021 20.7999999989496 
2022 20.7999999989634 
2023 20.7999999989771 
2024 20.7999999989905 
2025 20.7999999990038 
2026 20.7999999990169 
2027 20.7999999990298 
2028 20.7999999990425 
2029 20.7999999990551 
2030 20.7999999990675 
2031 20.7999999990798 
2032 20.7999999990919 
2033 20.7999999991038 
2034 20.7999999991156 
2035 20.7999999991272 
2036 20.7999999991387 
2037 20.79999999915 
2038 20.7999999991612 
2039 20.7999999991722 
2040 20.7999999991831 
2041 20.7999999991938 
2042 20.7999999992044 
2043 20.7999999992149 
2044 20.7999999992252 
2045 20.7999999992354 
2046 20.7999999992454 
2047 20.7999999992553 
2048 20.7999999992651 
2049 20.7999999992748 
2050 20.7999999992843 
2051 20.7999999992937 
2052 20.799999999303 
2053 20.7999999993121 
2054 20.7999999993212 
2055 20.7999999993301 
2056 20.7999999993389 
2057 20.7999999993476 
2058 20.7999999993562 
2059 20.7999999993646 
2060 20.799999999373 
2061 20.7999999993812 
2062 20.7999999993893 
2063 20.7999999993974 
2064 20.7999999994053 
2065 20.7999999994131 
2066 20.7999999994208 
2067 20.7999999994284 
2068 20.7999999994359 
2069 20.7999999994433 
2070 20.7999999994506 
2071 20.7999999994579 
2072 20.799999999465 
2073 20.799999999472 
2074 20.799999999479 
2075 20.7999999994858 
2076 20.7999999994926 
2077 20.7999999994992 
2078 20.7999999995058 
2079 20.7999999995123 
2080 20.7999999995187 
2081 20.799999999525 
2082 20.7999999995313 
2083 20.7999999995374 
2084 20.7999999995435 
2085 20.7999999995495 
2086 20.7999999995554 
2087 20.7999999995613 
2088 20.799999999567 
2089 20.7999999995727 
2090 20.7999999995784 
2091 20.7999999995839 
2092 20.7999999995894 
2093 20.7999999995948 
2094 20.7999999996001 
2095 20.7999999996053 
2096 20.7999999996105 
2097 20.7999999996156 
2098 20.7999999996207 
2099 20.7999999996257 
2100 20.7999999996306 
2101 20.7999999996355 
2102 20.7999999996402 
2103 20.799999999645 
2104 20.7999999996496 
2105 20.7999999996542 
2106 20.7999999996588 
2107 20.7999999996633 
2108 20.7999999996677 
2109 20.7999999996721 
2110 20.7999999996764 
2111 20.7999999996806 
2112 20.7999999996848 
2113 20.799999999689 
2114 20.7999999996931 
2115 20.7999999996971 
2116 20.7999999997011 
2117 20.799999999705 
2118 20.7999999997089 
2119 20.7999999997127 
2120 20.7999999997165 
2121 20.7999999997202 
2122 20.7999999997239 
2123 20.7999999997275 
2124 20.7999999997311 
2125 20.7999999997346 
2126 20.7999999997381 
2127 20.7999999997415 
2128 20.7999999997449 
2129 20.7999999997483 
2130 20.7999999997516 
2131 20.7999999997549 
2132 20.7999999997581 
2133 20.7999999997613 
2134 20.7999999997644 
2135 20.7999999997675 
2136 20.7999999997705 
2137 20.7999999997736 
2138 20.7999999997765 
2139 20.7999999997795 
2140 20.7999999997824 
2141 20.7999999997852 
2142 20.7999999997881 
2143 20.7999999997908 
2144 20.7999999997936 
2145 20.7999999997963 
2146 20.799999999799 
2147 20.7999999998016 
2148 20.7999999998042 
2149 20.7999999998068 
2150 20.7999999998093 
2151 20.7999999998118 
2152 20.7999999998143 
2153 20.7999999998168 
2154 20.7999999998192 
2155 20.7999999998215 
2156 20.7999999998239 
2157 20.7999999998262 
2158 20.7999999998285 
2159 20.7999999998307 
2160 20.799999999833 
2161 20.7999999998352 
2162 20.7999999998373 
2163 20.7999999998395 
2164 20.7999999998416 
2165 20.7999999998436 
2166 20.7999999998457 
2167 20.7999999998477 
2168 20.7999999998497 
2169 20.7999999998517 
2170 20.7999999998537 
2171 20.7999999998556 
2172 20.7999999998575 
2173 20.7999999998593 
2174 20.7999999998612 
2175 20.799999999863 
2176 20.7999999998648 
2177 20.7999999998666 
2178 20.7999999998683 
2179 20.7999999998701 
2180 20.7999999998718 
2181 20.7999999998735 
2182 20.7999999998751 
2183 20.7999999998768 
2184 20.7999999998784 
2185 20.79999999988 
2186 20.7999999998816 
2187 20.7999999998831 
2188 20.7999999998847 
2189 20.7999999998862 
2190 20.7999999998877 
2191 20.7999999998891 
2192 20.7999999998906 
2193 20.799999999892 
2194 20.7999999998935 
2195 20.7999999998949 
2196 20.7999999998962 
2197 20.7999999998976 
2198 20.799999999899 
2199 20.7999999999003 
2200 20.7999999999016 
2201 20.7999999999029 
2202 20.7999999999042 
2203 20.7999999999054 
2204 20.7999999999067 
2205 20.7999999999079 
2206 20.7999999999091 
2207 20.7999999999103 
2208 20.7999999999115 
2209 20.7999999999126 
2210 20.7999999999138 
2211 20.7999999999149 
2212 20.799999999916 
2213 20.7999999999171 
2214 20.7999999999182 
2215 20.7999999999193 
2216 20.7999999999204 
2217 20.7999999999214 
2218 20.7999999999224 
2219 20.7999999999235 
2220 20.7999999999245 
2221 20.7999999999255 
2222 20.7999999999264 
2223 20.7999999999274 
2224 20.7999999999284 
2225 20.7999999999293 
2226 20.7999999999302 
2227 20.7999999999311 
2228 20.799999999932 
2229 20.7999999999329 
2230 20.7999999999338 
2231 20.7999999999347 
2232 20.7999999999356 
2233 20.7999999999364 
2234 20.7999999999372 
2235 20.7999999999381 
2236 20.7999999999389 
2237 20.7999999999397 
2238 20.7999999999405 
2239 20.7999999999412 
2240 20.799999999942 
2241 20.7999999999428 
2242 20.7999999999435 
2243 20.7999999999443 
2244 20.799999999945 
2245 20.7999999999457 
2246 20.7999999999464 
2247 20.7999999999471 
2248 20.7999999999478 
2249 20.7999999999485 
2250 20.7999999999492 
2251 20.7999999999499 
2252 20.7999999999505 
2253 20.7999999999512 
2254 20.7999999999518 
2255 20.7999999999524 
2256 20.7999999999531 
2257 20.7999999999537 
2258 20.7999999999543 
2259 20.7999999999549 
2260 20.7999999999555 
2261 20.7999999999561 
2262 20.7999999999566 
2263 20.7999999999572 
2264 20.7999999999578 
2265 20.7999999999583 
2266 20.7999999999589 
2267 20.7999999999594 
2268 20.7999999999599 
2269 20.7999999999605 
2270 20.799999999961 
2271 20.7999999999615 
2272 20.799999999962 
2273 20.7999999999625 
2274 20.799999999963 
2275 20.7999999999635 
2276 20.799999999964 
2277 20.7999999999644 
2278 20.7999999999649 
2279 20.7999999999654 
2280 20.7999999999658 
2281 20.7999999999663 
2282 20.7999999999667 
2283 20.7999999999671 
2284 20.7999999999676 
2285 20.799999999968 
2286 20.7999999999684 
2287 20.7999999999688 
2288 20.7999999999692 
2289 20.7999999999697 
2290 20.79999999997 
2291 20.7999999999704 
2292 20.7999999999708 
2293 20.7999999999712 
2294 20.7999999999716 
2295 20.799999999972 
2296 20.7999999999723 
2297 20.7999999999727 
2298 20.7999999999731 
2299 20.7999999999734 
2300 20.7999999999738 
2301 20.7999999999741 
2302 20.7999999999744 
2303 20.7999999999748 
2304 20.7999999999751 
2305 20.7999999999754 
2306 20.7999999999758 
2307 20.7999999999761 
2308 20.7999999999764 
2309 20.7999999999767 
2310 20.799999999977 
2311 20.7999999999773 
2312 20.7999999999776 
2313 20.7999999999779 
2314 20.7999999999782 
2315 20.7999999999785 
2316 20.7999999999788 
2317 20.799999999979 
2318 20.7999999999793 
2319 20.7999999999796 
2320 20.7999999999799 
2321 20.7999999999801 
2322 20.7999999999804 
2323 20.7999999999806 
2324 20.7999999999809 
2325 20.7999999999812 
2326 20.7999999999814 
2327 20.7999999999816 
2328 20.7999999999819 
2329 20.7999999999821 
2330 20.7999999999824 
2331 20.7999999999826 
2332 20.7999999999828 
2333 20.799999999983 
2334 20.7999999999833 
2335 20.7999999999835 
2336 20.7999999999837 
2337 20.7999999999839 
2338 20.7999999999841 
2339 20.7999999999843 
2340 20.7999999999845 
2341 20.7999999999847 
2342 20.7999999999849 
2343 20.7999999999851 
2344 20.7999999999853 
2345 20.7999999999855 
2346 20.7999999999857 
2347 20.7999999999859 
2348 20.7999999999861 
2349 20.7999999999863 
2350 20.7999999999865 
2351 20.7999999999866 
2352 20.7999999999868 
2353 20.799999999987 
2354 20.7999999999872 
2355 20.7999999999873 
2356 20.7999999999875 
2357 20.7999999999877 
2358 20.7999999999878 
2359 20.799999999988 
2360 20.7999999999881 
2361 20.7999999999883 
2362 20.7999999999884 
2363 20.7999999999886 
2364 20.7999999999887 
2365 20.7999999999889 
2366 20.799999999989 
2367 20.7999999999892 
2368 20.7999999999893 
2369 20.7999999999895 
2370 20.7999999999896 
2371 20.7999999999897 
2372 20.7999999999899 
2373 20.79999999999 
2374 20.7999999999901 
2375 20.7999999999903 
2376 20.7999999999904 
2377 20.7999999999905 
2378 20.7999999999906 
2379 20.7999999999908 
2380 20.7999999999909 
2381 20.799999999991 
2382 20.7999999999911 
2383 20.7999999999912 
2384 20.7999999999914 
2385 20.7999999999915 
2386 20.7999999999916 
2387 20.7999999999917 
2388 20.7999999999918 
2389 20.7999999999919 
2390 20.799999999992 
2391 20.7999999999921 
2392 20.7999999999922 
2393 20.7999999999923 
2394 20.7999999999924 
2395 20.7999999999925 
2396 20.7999999999926 
2397 20.7999999999927 
2398 20.7999999999928 
2399 20.7999999999929 
2400 20.799999999993 
2401 20.7999999999931 
2402 20.7999999999932 
2403 20.7999999999933 
2404 20.7999999999934 
2405 20.7999999999934 
2406 20.7999999999935 
2407 20.7999999999936 
2408 20.7999999999937 
2409 20.7999999999938 
2410 20.7999999999939 
2411 20.7999999999939 
2412 20.799999999994 
2413 20.7999999999941 
2414 20.7999999999942 
2415 20.7999999999943 
2416 20.7999999999943 
2417 20.7999999999944 
2418 20.7999999999945 
2419 20.7999999999945 
2420 20.7999999999946 
2421 20.7999999999947 
2422 20.7999999999948 
2423 20.7999999999948 
2424 20.7999999999949 
2425 20.799999999995 
2426 20.799999999995 
2427 20.7999999999951 
2428 20.7999999999952 
2429 20.7999999999952 
2430 20.7999999999953 
2431 20.7999999999953 
2432 20.7999999999954 
2433 20.7999999999955 
2434 20.7999999999955 
2435 20.7999999999956 
2436 20.7999999999956 
2437 20.7999999999957 
2438 20.7999999999958 
2439 20.7999999999958 
2440 20.7999999999959 
2441 20.7999999999959 
2442 20.799999999996 
2443 20.799999999996 
2444 20.7999999999961 
2445 20.7999999999961 
2446 20.7999999999962 
2447 20.7999999999962 
2448 20.7999999999963 
2449 20.7999999999963 
2450 20.7999999999964 
2451 20.7999999999964 
2452 20.7999999999965 
2453 20.7999999999965 
2454 20.7999999999966 
2455 20.7999999999966 
2456 20.7999999999967 
2457 20.7999999999967 
2458 20.7999999999967 
2459 20.7999999999968 
2460 20.7999999999968 
2461 20.7999999999969 
2462 20.7999999999969 
2463 20.7999999999969 
2464 20.799999999997 
2465 20.799999999997 
2466 20.7999999999971 
2467 20.7999999999971 
2468 20.7999999999971 
2469 20.7999999999972 
2470 20.7999999999972 
2471 20.7999999999973 
2472 20.7999999999973 
2473 20.7999999999973 
2474 20.7999999999974 
2475 20.7999999999974 
2476 20.7999999999974 
2477 20.7999999999975 
2478 20.7999999999975 
2479 20.7999999999975 
2480 20.7999999999975 
2481 20.7999999999976 
2482 20.7999999999976 
2483 20.7999999999976 
2484 20.7999999999977 
2485 20.7999999999977 
2486 20.7999999999977 
2487 20.7999999999978 
2488 20.7999999999978 
2489 20.7999999999978 
2490 20.7999999999979 
2491 20.7999999999979 
2492 20.7999999999979 
2493 20.7999999999979 
2494 20.799999999998 
2495 20.799999999998 
2496 20.799999999998 
2497 20.7999999999981 
2498 20.7999999999981 
2499 20.7999999999981 
2500 20.7999999999981 
2501 20.7999999999981 
2502 20.7999999999982 
2503 20.7999999999982 
2504 20.7999999999982 
2505 20.7999999999982 
2506 20.7999999999983 
2507 20.7999999999983 
2508 20.7999999999983 
2509 20.7999999999983 
2510 20.7999999999983 
2511 20.7999999999984 
2512 20.7999999999984 
2513 20.7999999999984 
2514 20.7999999999984 
2515 20.7999999999984 
2516 20.7999999999985 
2517 20.7999999999985 
2518 20.7999999999985 
2519 20.7999999999985 
2520 20.7999999999985 
2521 20.7999999999986 
2522 20.7999999999986 
2523 20.7999999999986 
2524 20.7999999999986 
2525 20.7999999999986 
2526 20.7999999999987 
2527 20.7999999999987 
2528 20.7999999999987 
2529 20.7999999999987 
2530 20.7999999999987 
2531 20.7999999999988 
2532 20.7999999999988 
2533 20.7999999999988 
2534 20.7999999999988 
2535 20.7999999999988 
2536 20.7999999999988 
2537 20.7999999999988 
2538 20.7999999999989 
2539 20.7999999999989 
2540 20.7999999999989 
2541 20.7999999999989 
2542 20.7999999999989 
2543 20.7999999999989 
2544 20.7999999999989 
2545 20.799999999999 
2546 20.799999999999 
2547 20.799999999999 
2548 20.799999999999 
2549 20.799999999999 
2550 20.799999999999 
2551 20.799999999999 
2552 20.799999999999 
2553 20.799999999999 
2554 20.7999999999991 
2555 20.7999999999991 
2556 20.7999999999991 
2557 20.7999999999991 
2558 20.7999999999991 
2559 20.7999999999991 
2560 20.7999999999991 
2561 20.7999999999991 
2562 20.7999999999991 
2563 20.7999999999991 
2564 20.7999999999992 
2565 20.7999999999992 
2566 20.7999999999992 
2567 20.7999999999992 
2568 20.7999999999992 
2569 20.7999999999992 
2570 20.7999999999992 
2571 20.7999999999992 
2572 20.7999999999992 
2573 20.7999999999992 
2574 20.7999999999993 
2575 20.7999999999993 
2576 20.7999999999993 
2577 20.7999999999993 
2578 20.7999999999993 
2579 20.7999999999993 
2580 20.7999999999993 
2581 20.7999999999993 
2582 20.7999999999993 
2583 20.7999999999994 
2584 20.7999999999994 
2585 20.7999999999994 
2586 20.7999999999994 
2587 20.7999999999994 
2588 20.7999999999994 
2589 20.7999999999994 
2590 20.7999999999994 
2591 20.7999999999994 
2592 20.7999999999994 
2593 20.7999999999994 
2594 20.7999999999995 
2595 20.7999999999995 
2596 20.7999999999995 
2597 20.7999999999995 
2598 20.7999999999995 
2599 20.7999999999995 
2600 20.7999999999995 
2601 20.7999999999995 
2602 20.7999999999995 
2603 20.7999999999995 
2604 20.7999999999995 
2605 20.7999999999995 
2606 20.7999999999995 
2607 20.7999999999995 
2608 20.7999999999995 
2609 20.7999999999995 
2610 20.7999999999996 
2611 20.7999999999996 
2612 20.7999999999996 
2613 20.7999999999996 
2614 20.7999999999996 
2615 20.7999999999996 
2616 20.7999999999996 
2617 20.7999999999996 
2618 20.7999999999996 
2619 20.7999999999996 
2620 20.7999999999996 
2621 20.7999999999996 
2622 20.7999999999996 
2623 20.7999999999996 
2624 20.7999999999996 
2625 20.7999999999996 
2626 20.7999999999996 
2627 20.7999999999996 
2628 20.7999999999996 
2629 20.7999999999996 
2630 20.7999999999996 
2631 20.7999999999996 
2632 20.7999999999996 
2633 20.7999999999996 
2634 20.7999999999996 
2635 20.7999999999996 
2636 20.7999999999996 
2637 20.7999999999996 
2638 20.7999999999997 
2639 20.7999999999997 
2640 20.7999999999997 
2641 20.7999999999997 
2642 20.7999999999997 
2643 20.7999999999997 
2644 20.7999999999997 
2645 20.7999999999997 
2646 20.7999999999997 
2647 20.7999999999997 
2648 20.7999999999997 
2649 20.7999999999997 
2650 20.7999999999997 
2651 20.7999999999997 
2652 20.7999999999997 
2653 20.7999999999997 
2654 20.7999999999997 
2655 20.7999999999997 
2656 20.7999999999997 
2657 20.7999999999997 
2658 20.7999999999997 
2659 20.7999999999997 
2660 20.7999999999997 
2661 20.7999999999997 
2662 20.7999999999997 
2663 20.7999999999997 
2664 20.7999999999997 
2665 20.7999999999997 
2666 20.7999999999997 
2667 20.7999999999997 
2668 20.7999999999997 
2669 20.7999999999997 
2670 20.7999999999997 
2671 20.7999999999997 
2672 20.7999999999997 
2673 20.7999999999997 
2674 20.7999999999998 
2675 20.7999999999998 
2676 20.7999999999998 
2677 20.7999999999998 
2678 20.7999999999998 
2679 20.7999999999998 
2680 20.7999999999998 
2681 20.7999999999998 
2682 20.7999999999998 
2683 20.7999999999998 
2684 20.7999999999998 
2685 20.7999999999998 
2686 20.7999999999998 
2687 20.7999999999998 
2688 20.7999999999998 
2689 20.7999999999998 
2690 20.7999999999998 
2691 20.7999999999998 
2692 20.7999999999998 
2693 20.7999999999998 
2694 20.7999999999998 
2695 20.7999999999998 
2696 20.7999999999998 
2697 20.7999999999998 
2698 20.7999999999998 
2699 20.7999999999998 
2700 20.7999999999998 
2701 20.7999999999998 
2702 20.7999999999998 
2703 20.7999999999998 
2704 20.7999999999998 
2705 20.7999999999998 
2706 20.7999999999998 
2707 20.7999999999998 
2708 20.7999999999998 
2709 20.7999999999998 
2710 20.7999999999998 
2711 20.7999999999998 
2712 20.7999999999998 
2713 20.7999999999998 
2714 20.7999999999998 
2715 20.7999999999998 
2716 20.7999999999998 
2717 20.7999999999998 
2718 20.7999999999998 
2719 20.7999999999998 
2720 20.7999999999998 
2721 20.7999999999998 
2722 20.7999999999998 
2723 20.7999999999998 
2724 20.7999999999998 
2725 20.7999999999998 
2726 20.7999999999998 
2727 20.7999999999998 
2728 20.7999999999998 
2729 20.7999999999998 
2730 20.7999999999998 
2731 20.7999999999998 
2732 20.7999999999998 
2733 20.7999999999998 
2734 20.7999999999998 
2735 20.7999999999998 
2736 20.7999999999998 
2737 20.7999999999998 
2738 20.7999999999998 
2739 20.7999999999998 
2740 20.7999999999998 
2741 20.7999999999998 
2742 20.7999999999998 
2743 20.7999999999998 
2744 20.7999999999998 
2745 20.7999999999998 
2746 20.7999999999998 
2747 20.7999999999998 
2748 20.7999999999998 
2749 20.7999999999998 
2750 20.7999999999998 
2751 20.7999999999998 
2752 20.7999999999998 
2753 20.7999999999998 
2754 20.7999999999998 
2755 20.7999999999998 
2756 20.7999999999998 
2757 20.7999999999998 
2758 20.7999999999998 
2759 20.7999999999998 
2760 20.7999999999998 
2761 20.7999999999998 
2762 20.7999999999998 
2763 20.7999999999998 
2764 20.7999999999998 
2765 20.7999999999998 
2766 20.7999999999998 
2767 20.7999999999998 
2768 20.7999999999998 
2769 20.7999999999998 
2770 20.7999999999998 
2771 20.7999999999998 
2772 20.7999999999998 
2773 20.7999999999998 
2774 20.7999999999998 
2775 20.7999999999998 
2776 20.7999999999998 
2777 20.7999999999998 
2778 20.7999999999998 
2779 20.7999999999998 
2780 20.7999999999998 
2781 20.7999999999998 
2782 20.7999999999998 
2783 20.7999999999998 
2784 20.7999999999998 
2785 20.7999999999998 
2786 20.7999999999998 
2787 20.7999999999998 
2788 20.7999999999998 
2789 20.7999999999998 
2790 20.7999999999998 
2791 20.7999999999998 
2792 20.7999999999998 
2793 20.7999999999998 
2794 20.7999999999998 
2795 20.7999999999998 
2796 20.7999999999998 
2797 20.7999999999998 
2798 20.7999999999998 
2799 20.7999999999998 
2800 20.7999999999998 
2801 20.7999999999998 
2802 20.7999999999998 
2803 20.7999999999998 
2804 20.7999999999998 
2805 20.7999999999998 
2806 20.7999999999998 
2807 20.7999999999998 
2808 20.7999999999998 
2809 20.7999999999998 
2810 20.7999999999998 
2811 20.7999999999998 
2812 20.7999999999998 
2813 20.7999999999998 
2814 20.7999999999998 
2815 20.7999999999998 
2816 20.7999999999998 
2817 20.7999999999998 
2818 20.7999999999998 
2819 20.7999999999998 
2820 20.7999999999998 
2821 20.7999999999998 
2822 20.7999999999998 
2823 20.7999999999998 
2824 20.7999999999998 
2825 20.7999999999998 
2826 20.7999999999998 
2827 20.7999999999998 
2828 20.7999999999998 
2829 20.7999999999998 
2830 20.7999999999998 
2831 20.7999999999998 
2832 20.7999999999998 
2833 20.7999999999998 
2834 20.7999999999998 
2835 20.7999999999998 
2836 20.7999999999998 
2837 20.7999999999998 
2838 20.7999999999998 
2839 20.7999999999998 
2840 20.7999999999998 
2841 20.7999999999998 
2842 20.7999999999998 
2843 20.7999999999998 
2844 20.7999999999998 
2845 20.7999999999998 
2846 20.7999999999998 
2847 20.7999999999998 
2848 20.7999999999998 
2849 20.7999999999998 
2850 20.7999999999998 
2851 20.7999999999998 
2852 20.7999999999998 
2853 20.7999999999998 
2854 20.7999999999998 
2855 20.7999999999998 
2856 20.7999999999998 
2857 20.7999999999998 
2858 20.7999999999998 
2859 20.7999999999998 
2860 20.7999999999998 
2861 20.7999999999998 
2862 20.7999999999998 
2863 20.7999999999998 
2864 20.7999999999998 
2865 20.7999999999998 
2866 20.7999999999998 
2867 20.7999999999998 
2868 20.7999999999998 
2869 20.7999999999998 
2870 20.7999999999998 
2871 20.7999999999998 
2872 20.7999999999998 
2873 20.7999999999998 
2874 20.7999999999998 
2875 20.7999999999998 
2876 20.7999999999998 
2877 20.7999999999998 
2878 20.7999999999998 
2879 20.7999999999998 
2880 20.7999999999998 
2881 20.7999999999998 
2882 20.7999999999998 
2883 20.7999999999998 
2884 20.7999999999998 
2885 20.7999999999998 
2886 20.7999999999998 
2887 20.7999999999998 
2888 20.7999999999998 
2889 20.7999999999998 
2890 20.7999999999998 
2891 20.7999999999998 
2892 20.7999999999998 
2893 20.7999999999998 
2894 20.7999999999998 
2895 20.7999999999998 
2896 20.7999999999998 
2897 20.7999999999998 
2898 20.7999999999998 
2899 20.7999999999998 
2900 20.7999999999998 
2901 20.7999999999998 
2902 20.7999999999998 
2903 20.7999999999998 
2904 20.7999999999998 
2905 20.7999999999998 
2906 20.7999999999998 
2907 20.7999999999998 
2908 20.7999999999998 
2909 20.7999999999998 
2910 20.7999999999998 
2911 20.7999999999998 
2912 20.7999999999998 
2913 20.7999999999998 
2914 20.7999999999998 
2915 20.7999999999998 
2916 20.7999999999998 
2917 20.7999999999998 
2918 20.7999999999998 
2919 20.7999999999998 
2920 20.7999999999998 
2921 20.7999999999998 
2922 20.7999999999998 
2923 20.7999999999998 
2924 20.7999999999998 
2925 20.7999999999998 
2926 20.7999999999998 
2927 20.7999999999998 
2928 20.7999999999998 
2929 20.7999999999998 
2930 20.7999999999998 
2931 20.7999999999998 
2932 20.7999999999998 
2933 20.7999999999998 
2934 20.7999999999998 
2935 20.7999999999998 
2936 20.7999999999998 
2937 20.7999999999998 
2938 20.7999999999998 
2939 20.7999999999998 
2940 20.7999999999998 
2941 20.7999999999998 
2942 20.7999999999998 
2943 20.7999999999998 
2944 20.7999999999998 
2945 20.7999999999998 
2946 20.7999999999998 
2947 20.7999999999998 
2948 20.7999999999998 
2949 20.7999999999998 
2950 20.7999999999998 
2951 20.7999999999998 
2952 20.7999999999998 
2953 20.7999999999998 
2954 20.7999999999998 
2955 20.7999999999998 
2956 20.7999999999998 
2957 20.7999999999998 
2958 20.7999999999998 
2959 20.7999999999998 
2960 20.7999999999998 
2961 20.7999999999998 
2962 20.7999999999998 
2963 20.7999999999998 
2964 20.7999999999998 
2965 20.7999999999998 
2966 20.7999999999998 
2967 20.7999999999998 
2968 20.7999999999998 
2969 20.7999999999998 
2970 20.7999999999998 
2971 20.7999999999998 
2972 20.7999999999998 
2973 20.7999999999998 
2974 20.7999999999998 
2975 20.7999999999998 
2976 20.7999999999998 
2977 20.7999999999998 
2978 20.7999999999998 
2979 20.7999999999998 
2980 20.7999999999998 
2981 20.7999999999998 
2982 20.7999999999998 
2983 20.7999999999998 
2984 20.7999999999998 
2985 20.7999999999998 
2986 20.7999999999998 
2987 20.7999999999998 
2988 20.7999999999998 
2989 20.7999999999998 
2990 20.7999999999998 
2991 20.7999999999998 
2992 20.7999999999998 
2993 20.7999999999998 
2994 20.7999999999998 
2995 20.7999999999998 
2996 20.7999999999998 
2997 20.7999999999998 
2998 20.7999999999998 
2999 20.7999999999998 
