0	1.0	0.0	1.0	0.0
3	1.022	0.14675672910479318	1.022	0.14675672910479318
6	1.072	0.2808823506290396	1.383	0.5537306363364931
9	1.106	0.34187845922327187	1.751	0.7896978046206196
12	1.149	0.4110571346759047	2.096	0.9368359843973084
15	1.202	0.4810690464241384	2.437	1.114123993221699
18	1.249	0.5397131555653373	2.804	1.3081648578429668
21	1.309	0.6179813111259161	3.227	1.5230859433370103
24	1.342	0.6522740692848833	3.615	1.6868967427262929
27	1.38	0.7142199311907493	4.017	1.9016643571690925
30	1.438	0.7789497819261266	4.411	2.125699319658736
33	1.478	0.8331927809398011	4.834	2.325478843561437
36	1.539	0.924842870078124	5.314	2.5919340504962984
39	1.603	0.9779301341851265	5.764	2.843305890752593
42	1.655	1.0368462036628447	6.257	3.099767662190114
45	1.708	1.0871604839755358	6.788	3.4471638978933017
48	1.773	1.140513819193684	7.325	3.7442481747868213
51	1.833	1.191860533590871	7.827	4.039478727309797
54	1.88	1.2357698520060858	8.379	4.396668021319066
57	1.94	1.2954065300430009	8.895	4.636320790289489
60	1.999	1.3501191880059424	9.431	4.956188334073152
63	2.08	1.4351514413676583	9.999	5.27625225305213
66	2.135	1.502342182071723	10.58	5.5943629572004765
69	2.207	1.5577475975194317	11.203	5.934223285823187
72	2.283	1.6369455062984193	11.83	6.285905870486193
75	2.365	1.706073177119233	12.46	6.67449990253569
78	2.439	1.799310011231118	13.107	7.004185149580871
81	2.514	1.86796501393717	13.746	7.308686674150217
84	2.597	1.9443177135878191	14.382	7.688770590490592
87	2.685	2.0277788062032047	15.057	8.043161284186915
90	2.769	2.089977752754078	15.752	8.375956820128232
93	2.835	2.1495105013456786	16.426	8.722878688404005
96	2.942	2.222065159614737	17.143	9.118316439710524
99	3.042	2.292485875963366	17.854	9.475466662305795
102	3.138	2.3640102674363614	18.578	9.858859625388382
105	3.219	2.4080776228846745	19.344	10.238578636338753
108	3.329	2.4861496213904553	20.117	10.590536835801599
111	3.442	2.5430499607957398	20.887	10.962773983504944
114	3.566	2.654560357326746	21.693	11.40564947032128
117	3.667	2.7407339569215114	22.528	11.812991270747759
120	3.788	2.8557330427074814	23.329	12.17567271266793
123	3.894	2.9198098036155176	24.164	12.584891079524041
126	4.008	3.0094838416235117	24.989	12.93956379911283
129	4.132	3.065284974023123	25.888	13.339467657946374
132	4.243	3.1262956873470467	26.763	13.723817769635906
135	4.374	3.250952582350702	27.657	14.130570548425283
138	4.527	3.350895328042852	28.511	14.485430842978294
141	4.668	3.4306771263914486	29.426	14.832819574731461
144	4.824	3.5346170255796507	30.333	15.182971831418053
147	4.954	3.6605031461922337	31.25	15.546291750356005
150	5.063	3.707934705436404	32.177	15.9151174033358
153	5.184	3.779474623334366	33.09	16.268883691777294
156	5.312	3.876297419146475	33.942	16.62748054003097
159	5.438	3.9152886848207578	34.874	16.998560970713804
162	5.57	3.996883170055772	35.846	17.364613840043035
165	5.705	4.0702016585842085	36.795	17.710918995118583
168	5.862	4.16296604433501	37.772	18.04521115547406
171	6.008	4.249705401083236	38.751	18.375817523845544
174	6.158	4.353158162298493	39.691	18.61935012827246
177	6.305	4.453965964487477	40.672	18.968400465411325
180	6.481	4.579804975499891	41.586	19.239042199255785
183	6.625	4.628801227186235	42.585	19.501668905252437
186	6.756	4.660491839300246	43.554	19.713998217655558
189	6.884	4.695379706753325	44.491	19.928147180559684
192	7.046	4.80009634537942	45.435	20.170042280709424
195	7.152	4.813529481167224	46.341	20.349565691282542
198	7.281	4.881174537431017	47.26	20.548105134649877
201	7.394	4.905999677214909	48.207	20.71761015103745
204	7.516	4.904263022697269	49.159	20.866219545430788
207	7.645	4.942408562877255	50.084	20.987124705480827
210	7.789	5.006350221722662	51.033	21.143106251020505
213	7.944	5.108518470257398	51.978	21.266400160247517
216	8.092	5.128336556412395	52.895	21.348811366133404
219	8.266	5.211372410642176	53.777	21.48037889976986
222	8.421	5.255985576881315	54.652	21.549089522744563
225	8.575	5.287753335333963	55.582	21.632365456307245
228	8.733	5.305266897796646	56.509	21.698680875844776
231	8.881	5.31027664420962	57.394	21.738890112959936
234	9.015	5.35214166669945	58.271	21.793083707853206
237	9.155	5.4037186432284905	59.156	21.810074354374485
240	9.272	5.3900898943402655	60.007	21.83615737186304
243	9.498	5.5297897405393845	60.893	21.876565889899997
246	9.652	5.6002016265718755	61.688	21.9001432020951
249	9.81	5.595284372327044	62.519	21.901308324077394
252	9.946	5.636741687966282	63.33	21.915916759456056
255	10.053	5.663414629467389	64.14	21.88838736639822
258	10.144	5.65059228693712	64.918	21.858157631764286
261	10.303	5.686785606168963	65.717	21.860622081674578
264	10.451	5.732404334959229	66.442	21.81220778390872
267	10.6	5.758746665999736	67.228	21.794288403318113
270	10.754	5.805961866322685	67.99	21.732791220048426
273	10.938	5.872873797949915	68.777	21.66671912675562
276	11.063	5.87328924253918	69.541	21.60043744691059
279	11.203	5.941472215881527	70.256	21.550147861972377
282	11.322	5.976121654554071	70.968	21.474080006186814
285	11.461	6.017698205434669	71.663	21.396851550082268
288	11.659	6.098352966900897	72.356	21.29109143690331
291	11.735	6.088665440541701	72.997	21.200860064333888
294	11.818	6.0689132229508544	73.643	21.085923436434257
297	11.977	6.069209693716833	74.25	20.965138612397414
300	12.104	6.0865614455314825	74.889	20.815377944177687
303	12.24	6.107020197747479	75.509	20.688594368321333
306	12.372	6.120709034015521	76.136	20.508830198627034
309	12.5	6.108954028253881	76.765	20.376087945431525
312	12.626	6.112240463486646	77.326	20.22366734103194
315	12.705	6.075597739143697	77.872	20.126616623185754
318	12.859	6.076350964274614	78.488	19.931159201288484
321	12.971	6.024155496785361	79.06	19.76894562720056
324	13.124	6.0038879628679505	79.616	19.598026090058838
327	13.254	6.007126565136583	80.113	19.443154766325033
330	13.421	6.019966694176887	80.643	19.241251954505906
333	13.561	5.995016198411734	81.183	19.04952480760074
336	13.688	5.995381605919732	81.723	18.886687850917074
339	13.769	5.98727705108812	82.235	18.690883449535594
342	13.913	5.972193742511876	82.714	18.50228468429074
345	14.033	5.965693631129622	83.173	18.318641970507628
348	14.151	5.972593312027101	83.641	18.07486707613146
351	14.266	5.9698310598276505	84.109	17.8549129630171
354	14.383	5.942189884261582	84.541	17.660356938839225
357	14.458	5.899919071058944	84.98	17.455953434582447
360	14.604	5.933666016249345	85.418	17.20794553075381
363	14.699	5.868120127760998	85.893	16.966361083285026
366	14.852	5.902451603777448	86.286	16.79524588341253
369	15.023	5.909940642544427	86.684	16.61554152654134
372	15.137	5.867594026486452	87.098	16.398515399489934
375	15.244	5.831506706715722	87.454	16.21674649449967
378	15.307	5.788113099556129	87.811	16.01398534802393
381	15.391	5.785290709081838	88.189	15.804083271358945
384	15.48	5.771560526487687	88.54	15.587153664455837
387	15.613	5.765281386842224	88.843	15.40342872923483
390	15.768	5.752500957606767	89.229	15.150052246876331
393	15.903	5.775894039190124	89.576	14.935705517293005
396	15.995	5.806262798710345	89.872	14.722308323165992
399	16.104	5.796100307860346	90.18	14.555186479514905
402	16.217	5.785272714434505	90.467	14.335704496934381
405	16.296	5.771975372409325	90.735	14.132250192219722
408	16.378	5.763013823367783	91.005	13.924829473852629
411	16.443	5.732155668560358	91.292	13.706955045400031
414	16.564	5.730160446160191	91.575	13.481844648828098
417	16.662	5.732068789940724	91.823	13.278478413921874
420	16.705	5.640016381606087	92.077	13.089476895789408
423	16.79	5.613145945671418	92.363	12.822622612034225
426	16.903	5.654163117611709	92.584	12.637509669656023
429	17.034	5.637785791303939	92.818	12.421641323640465
432	17.077	5.598071936784083	93.024	12.233768392817057
435	17.081	5.521859281974682	93.256	12.017690663721105
438	17.131	5.459637959301562	93.474	11.826038186103547
441	17.158	5.424616342421134	93.673	11.64945409797306
444	17.215	5.374724426671813	93.879	11.467164202838257
447	17.276	5.332378292868786	94.062	11.296980914287584
450	17.314	5.316546780539948	94.28	11.070779654665756
453	17.386	5.307086693202693	94.477	10.867178408702339
456	17.424	5.287739042746359	94.639	10.685825464879457
459	17.438	5.240574359707122	94.818	10.458214486720482
462	17.429	5.183032203529403	94.994	10.284538673938398
465	17.445	5.167172793189201	95.158	10.093211030633839
468	17.517	5.134011011779101	95.314	9.904620411984718
471	17.546	5.06374619481719	95.47	9.737449251108771
474	17.681	5.059331560180245	95.631	9.540432844418518
477	17.711	4.998846613716761	95.791	9.312036996975133
480	17.76	5.025102153354851	95.938	9.108848836550516
483	17.845	5.018980490614123	96.071	8.92623305973106
486	17.934	5.014457975573109	96.198	8.782592437881288
489	18.013	5.093797971825912	96.327	8.601514811767593
492	18.053	5.053684866583065	96.457	8.415043907429336
495	18.135	5.067193646531723	96.565	8.279270579061992
498	18.149	5.006782087016263	96.687	8.09769125143725
501	18.109	4.887638285307941	96.808	7.9047847296192995
504	18.135	4.890878826519396	96.912	7.756443670808101
507	18.163	4.853657279721035	97.01	7.6085340105561325
510	18.282	4.910049346451063	97.127	7.43371583604941
513	18.324	4.901739594373726	97.228	7.260491080548997
516	18.363	4.925595648496986	97.327	7.096226280737347
519	18.446	4.871017430764433	97.428	6.941974287406108
522	18.449	4.866115296422611	97.523	6.783176430145558
525	18.53	4.8233146657007895	97.62	6.589462878036535
528	18.576	4.827787436448667	97.705	6.422867601642472
531	18.647	4.830499428084505	97.775	6.282821726648685
534	18.653	4.738253058041752	97.862	6.1141097748027065
537	18.737	4.717423564307648	97.934	5.969529234309814
540	18.761	4.645154083177052	98.025	5.765901544478558
543	18.817	4.612676857074183	98.106	5.6278269728587125
546	18.851	4.6340342330709365	98.177	5.5079950080776765
549	18.837	4.601913581175618	98.237	5.4094448045148535
552	18.88	4.546897213955278	98.296	5.310987722692495
555	18.899	4.528941411666773	98.358	5.179639433847225
558	18.824	4.506587770512549	98.415	5.0669960972403585
561	18.869	4.496894601951547	98.48	4.970946621148723
564	18.887	4.486464015163754	98.534	4.869965149830165
567	18.917	4.488012171691742	98.584	4.768614440661372
570	18.955	4.475153852327544	98.664	4.607421440711976
573	18.994	4.475711786520221	98.706	4.514415127560168
576	19.07	4.524552085187169	98.759	4.369669668637722
579	19.093	4.478214533204651	98.809	4.233017533325098
582	19.08	4.494864158548481	98.855	4.120066740958244
585	19.086	4.454261380346291	98.896	4.061240903674383
588	19.056	4.465961129343696	98.936	3.958986938293348
591	19.113	4.474623252660854	98.986	3.8552129210546138
594	19.123	4.454853164439514	99.026	3.7708810036307825
597	19.182	4.516555687166416	99.06	3.6842874445370906
600	19.2	4.504474474374382	99.1	3.5660505768590176
603	19.207	4.527764531383188	99.134	3.5046150040091573
606	19.24	4.513620805159947	99.169	3.421131851177755
609	19.225	4.489602602851556	99.208	3.3081232866505834
612	19.278	4.4787023538939055	99.235	3.265338793668681
615	19.333	4.479305211210236	99.267	3.195923172562953
618	19.349	4.439246096569315	99.293	3.1152617636172626
621	19.349	4.3957390188137335	99.323	3.013926799833519
624	19.394	4.373773415929756	99.352	2.957167705903917
627	19.447	4.388216887010884	99.38	2.8955110056748143
630	19.346	4.317281890602324	99.404	2.827149938856571
633	19.401	4.3590366137714645	99.425	2.780306656666648
636	19.412	4.335556833101486	99.444	2.729893096133293
639	19.397	4.340994728773027	99.474	2.618048543892648
642	19.449	4.343070487715032	99.491	2.535813350652893
645	19.5	4.375974080036255	99.517	2.4831183775399728
648	19.497	4.360619910747327	99.541	2.4236734914573326
651	19.505	4.304939895922766	99.556	2.3694890754081115
654	19.477	4.278992963394633	99.575	2.3055781684190753
657	19.508	4.291427775502267	99.595	2.253009332215708
660	19.464	4.228307295193035	99.611	2.2232007605301143
663	19.517	4.217997451694648	99.628	2.154125404022748
666	19.523	4.162066048706317	99.641	2.1010791354762333
669	19.528	4.1555366060816326	99.656	2.071220402070702
672	19.554	4.099498736417643	99.678	1.9708374362692354
675	19.561	4.2021348070875755	99.691	1.9300891803862699
678	19.556	4.17735733620124	99.709	1.8600480581906116
681	19.506	4.1746127235219594	99.72	1.8118727557096357
684	19.543	4.139237162121094	99.727	1.7876427681913019
687	19.534	4.17471822669175	99.75	1.6805726179860019
690	19.518	4.221788661160069	99.762	1.640746186357882
693	19.586	4.2271115992451	99.767	1.6184345307519843
696	19.6	4.185871656121514	99.774	1.5637676839509937
699	19.58	4.147143450472727	99.78	1.52575487150719
702	19.605	4.04293461736896	99.793	1.4499149124183848
705	19.596	4.064394580168547	99.801	1.428789851741818
708	19.563	4.014492140625897	99.81	1.3920624403516746
711	19.527	4.027591400886186	99.815	1.3507774056444886
714	19.53	4.027570151011814	99.82	1.3173212726344956
717	19.521	4.007944937573696	99.831	1.2609635319980788
720	19.563	3.969860298649156	99.837	1.2545935616784682
723	19.565	3.9536573455986845	99.842	1.2192302992144228
726	19.55	3.9533693388208992	99.85	1.1605373095453977
729	19.649	4.002976745226336	99.859	1.1065004940547103
732	19.653	3.9852821071378988	99.861	1.0949328188879317
735	19.679	3.992731007831722	99.869	1.0530659751164408
738	19.683	3.9268219886991544	99.875	1.0209884511675034
741	19.685	3.951124698916292	99.878	1.0119980929528316
744	19.662	3.8980701572638434	99.886	0.9454617379343909
747	19.703	3.8876605953844376	99.889	0.9249510984557802
750	19.691	3.9136729341931242	99.893	0.8968586038809816
753	19.733	3.9579510325895075	99.902	0.8538882392474506
756	19.76	3.99103098563871	99.906	0.8449129410050863
759	19.713	3.946924018676979	99.912	0.7930226257080486
762	19.744	3.949438195751655	99.916	0.7599483676681683
765	19.822	3.9178649371393117	99.917	0.7580802633532197
768	19.816	3.8904086262601365	99.923	0.7222136751630965
771	19.832	3.960740267104556	99.927	0.6958125862293423
774	19.838	3.9302930174737902	99.93	0.6808550238953772
777	19.865	3.9903255127492674	99.935	0.6566629319568892
780	19.881	3.9765124986162905	99.937	0.6476499443761584
783	19.93	3.9767970673539357	99.937	0.6476499443761584
786	19.954	3.9534179533048963	99.94	0.6315051850925714
789	19.931	3.9027516537015843	99.943	0.6050761250595745
792	19.923	3.898752527574862	99.947	0.5714171134272452
795	19.972	3.945476242835937	99.947	0.5714171134272452
798	19.998	3.9478578471851815	99.947	0.5714171134272452
801	19.99	3.9541795021894917	99.947	0.5714171134272452
804	20.043	3.897222002829625	99.949	0.5316781749156934
807	20.049	3.87267305573249	99.951	0.5107444173555465
810	20.033	3.8598976424006146	99.952	0.49592533908033687
813	20.122	3.854344558024366	99.953	0.49095013191975895
816	20.093	3.8599546953623967	99.954	0.4900246158348827
819	20.089	3.8233096522119094	99.956	0.4629020180105926
822	20.085	3.809499611141487	99.956	0.4629020180105926
825	20.056	3.776655547852774	99.958	0.4587444238859491
828	20.042	3.8242464435311807	99.959	0.44442830301018366
831	20.055	3.8578307191811634	99.96	0.443392147648776
834	20.004	3.9104060243503156	99.963	0.4263951369479005
837	20.023	3.887361905274909	99.965	0.39991866039850876
840	19.982	3.9124139585405824	99.967	0.3688455598852239
843	19.935	3.8938331932604577	99.97	0.34816838055920857
846	19.969	3.8630249755809083	99.973	0.3411559575727664
849	19.899	3.8472848348673807	99.973	0.3411559575727664
852	19.944	3.878647690614337	99.975	0.3040846386575076
855	19.987	3.9220164728380733	99.976	0.3025153145140138
858	19.952	3.858572868896541	99.978	0.27493925072930475
861	20.001	3.8961749420655067	99.979	0.2502431250236915
864	20.002	3.9168019272535806	99.979	0.2502431250236915
867	19.998	3.9313421946520344	99.982	0.21845760166156544
870	19.966	3.8992368545714204	99.984	0.17825761070926494
873	19.949	3.968141270814978	99.985	0.1755158277928403
876	20.019	3.977997418735154	99.986	0.16682875001579184
879	20.046	3.926742072418721	99.987	0.1638836717243593
882	20.008	3.9473430959973004	99.989	0.1374696253646527
885	19.961	3.9816243334011743	99.989	0.1374696253646527
888	19.975	3.935970892532974	99.989	0.1374696253646527
891	19.971	3.891954047301455	99.99	0.12615829705538917
894	19.957	3.863428150888417	99.991	0.12220447591612135
897	19.939	3.842400687466486	99.992	0.1181099062312303
900	19.904	3.8025311626919387	99.993	0.11385940437207644
903	19.931	3.8079836842796113	99.994	0.08928590018570672
906	19.979	3.8124918483970682	99.995	0.08355825501996779
909	19.933	3.714068564970974	99.996	0.07739502561528101
912	19.909	3.784315002750174	99.996	0.07739502561528101
915	19.871	3.8079994563891213	99.996	0.07739502561528101
918	19.892	3.8692773624163097	99.996	0.07739502561528101
921	19.915	3.905512517970961	99.996	0.07739502561528101
924	19.934	3.9223754319326773	99.996	0.07739502561528101
927	19.982	3.924165525952654	99.996	0.07739502561528101
930	19.949	3.944611382501314	99.996	0.07739502561528101
933	19.979	3.9676569031736273	99.996	0.07739502561528101
936	19.952	3.9374102147476497	99.996	0.07739502561528101
939	19.966	3.9403515541599035	99.996	0.07739502561528101
942	19.962	3.9413310048878287	99.996	0.07739502561528101
945	19.989	3.9204909449263132	99.996	0.07739502561528101
948	20.062	3.970380324341727	99.996	0.07739502561528101
951	20.032	3.8969426685752193	99.996	0.07739502561528101
954	20.048	3.906014970907417	99.996	0.07739502561528101
957	20.002	3.831014574844723	99.996	0.07739502561528101
960	19.945	3.817138397483845	99.996	0.07739502561528101
963	20.01	3.82053615301524	99.996	0.07739502561528101
966	20.008	3.8842017227511563	99.996	0.07739502561528101
969	20.07	3.952559009391596	99.997	0.07068235986436798
972	20.067	3.971685446417629	99.997	0.07068235986436798
975	20.076	3.946111477872334	99.997	0.07068235986436798
978	20.118	3.9814479687580917	99.998	0.04469897088298573
981	20.026	3.997412075743917	99.998	0.04469897088298573
984	20.055	4.01573170183232	99.998	0.04469897088298573
987	19.999	4.043185173393165	99.998	0.04469897088298573
990	20.012	3.9695860758539636	99.998	0.04469897088298573
993	20.013	3.9636525505575695	99.998	0.04469897088298573
996	20.035	3.9879416593875425	99.998	0.04469897088298573
999	20.056	3.9840603329689586	99.998	0.04469897088298573
1002	20.024	4.014665806955986	99.998	0.04469897088298573
1005	19.998	4.013490264608114	99.998	0.04469897088298573
1008	19.954	3.966562443428515	99.998	0.04469897088298573
1011	19.942	3.914582986725417	99.998	0.04469897088298573
1014	19.96	3.9150642048027193	99.998	0.04469897088298573
1017	19.966	3.9777715704482866	99.998	0.04469897088298573
1020	19.967	3.9831867614733767	99.998	0.04469897088298573
1023	19.922	3.9496221990863245	99.998	0.04469897088298573
1026	19.933	3.968155397317191	99.998	0.04469897088298573
1029	19.918	3.9431998205549736	99.998	0.04469897088298573
1032	19.958	3.92015351786172	99.998	0.04469897088298573
1035	19.932	3.9396569516769926	99.998	0.04469897088298573
1038	19.958	3.8539705615234148	99.998	0.04469897088298573
1041	19.977	3.89559323423874	99.998	0.04469897088298573
1044	20.01	3.889862597962945	99.998	0.04469897088298573
1047	20.057	3.9131910334232405	99.998	0.04469897088298573
1050	20.086	3.8992060483908544	99.998	0.04469897088298573
1053	20.079	3.888171405285121	99.998	0.04469897088298573
1056	20.078	3.8689643168275514	99.998	0.04469897088298573
1059	20.021	3.82062248281038	99.998	0.04469897088298573
1062	19.998	3.806637162442265	99.998	0.04469897088298573
1065	20.012	3.8606684344502846	99.998	0.04469897088298573
1068	20.018	3.8489596634013568	99.998	0.04469897088298573
1071	19.986	3.8748959752255066	99.998	0.04469897088298573
1074	19.969	3.889880482761663	99.999	0.03162277660168382
1077	20.025	3.9484129678853126	99.999	0.03162277660168382
1080	19.987	3.890239705335003	99.999	0.03162277660168382
1083	19.932	3.9310086274172447	99.999	0.03162277660168382
1086	19.903	3.9328180809768027	99.999	0.03162277660168382
1089	19.858	3.9111549615341374	99.999	0.03162277660168382
1092	19.904	3.9294050725554213	99.999	0.03162277660168382
1095	19.91	3.894491888175792	99.999	0.03162277660168382
1098	19.939	3.98612194597306	99.999	0.03162277660168382
1101	19.962	3.962860111114227	100.0	0.0
1104	19.982	3.978631109503079	100.0	0.0
1107	20.007	3.9772817061115657	100.0	0.0
1110	20.019	3.96261799084159	100.0	0.0
1113	20.035	3.9346227590782124	100.0	0.0
1116	20.055	3.9919808254688416	100.0	0.0
1119	20.049	3.9676619489746323	100.0	0.0
1122	20.083	4.057162995440478	100.0	0.0
1125	20.124	4.038431989390551	100.0	0.0
1128	20.104	4.101707937921471	100.0	0.0
1131	20.071	4.152734545357337	100.0	0.0
1134	20.046	4.179875040638815	100.0	0.0
1137	20.069	4.196647572867042	100.0	0.0
1140	20.084	4.160318768105668	100.0	0.0
1143	20.088	4.053725285300998	100.0	0.0
1146	20.064	4.054175667178261	100.0	0.0
1149	20.072	4.095068446996407	100.0	0.0
1152	20.041	4.121444565356342	100.0	0.0
1155	20.099	4.101953805813159	100.0	0.0
1158	20.069	4.079568835291529	100.0	0.0
1161	20.052	4.116338207708429	100.0	0.0
1164	20.065	4.083558552347504	100.0	0.0
1167	20.119	4.143912524536556	100.0	0.0
1170	20.088	4.110371169511475	100.0	0.0
1173	20.054	4.063446270789804	100.0	0.0
1176	20.036	4.050816351442404	100.0	0.0
1179	20.008	4.050227196138552	100.0	0.0
1182	20.021	4.0628888818260895	100.0	0.0
1185	20.039	4.074565140119996	100.0	0.0
1188	20.036	4.072504056387089	100.0	0.0
1191	20.017	3.969693876039998	100.0	0.0
1194	20.042	3.970894610034872	100.0	0.0
1197	20.081	3.9704159987592194	100.0	0.0
1200	20.076	3.9713972347268376	100.0	0.0
1203	19.992	3.992978822868949	100.0	0.0
1206	19.964	4.072258254001991	100.0	0.0
1209	19.96	4.086453119650211	100.0	0.0
1212	19.92	3.9931873917392795	100.0	0.0
1215	19.909	4.008589251568162	100.0	0.0
1218	20.009	3.9903435744108493	100.0	0.0
1221	20.022	3.9831371281166565	100.0	0.0
1224	20.016	4.026158709484012	100.0	0.0
1227	20.025	4.000797593153308	100.0	0.0
1230	20.124	3.988550179267215	100.0	0.0
1233	20.108	3.9592943830955525	100.0	0.0
1236	20.11	3.9453092990873904	100.0	0.0
1239	20.137	4.00852832088028	100.0	0.0
1242	20.162	4.060571910980556	100.0	0.0
1245	20.172	4.073205986321711	100.0	0.0
1248	20.161	4.0938782149496	100.0	0.0
1251	20.194	4.09379080109415	100.0	0.0
1254	20.169	4.103325026886881	100.0	0.0
1257	20.147	4.083879169254278	100.0	0.0
1260	20.123	4.039577847893169	100.0	0.0
1263	20.045	4.025565821121318	100.0	0.0
1266	19.976	3.9991770925300902	100.0	0.0
1269	19.95	4.039036248143097	100.0	0.0
1272	19.983	4.049581473450078	100.0	0.0
1275	20.004	4.036121191722844	100.0	0.0
1278	20.011	4.019830598176744	100.0	0.0
1281	20.006	4.021708360651997	100.0	0.0
1284	20.012	4.054169741425779	100.0	0.0
1287	19.987	4.076696021345036	100.0	0.0
1290	19.992	4.03884243914618	100.0	0.0
1293	19.987	4.045886824937173	100.0	0.0
1296	20.071	4.073395580047628	100.0	0.0
1299	20.042	4.063834488601961	100.0	0.0
1302	20.024	4.030343368457296	100.0	0.0
1305	20.051	4.039891052951758	100.0	0.0
1308	19.991	4.020084586184747	100.0	0.0
1311	19.941	3.995933744006085	100.0	0.0
1314	19.911	3.9762909714820824	100.0	0.0
1317	19.945	3.9984950872750793	100.0	0.0
1320	19.955	4.0481307244655955	100.0	0.0
1323	19.929	3.9907248570760823	100.0	0.0
1326	19.923	4.059501268696764	100.0	0.0
1329	19.917	4.0930262476392505	100.0	0.0
1332	19.902	4.068285504601047	100.0	0.0
1335	19.972	4.056065540356527	100.0	0.0
1338	19.948	4.061008223063303	100.0	0.0
1341	19.961	4.083399705288861	100.0	0.0
1344	19.98	4.155101065541597	100.0	0.0
1347	19.914	4.1004167370424005	100.0	0.0
1350	19.89	4.118842660853271	100.0	0.0
1353	19.921	4.099459057554368	100.0	0.0
1356	19.872	4.073844892998764	100.0	0.0
1359	19.822	4.076878332368636	100.0	0.0
1362	19.855	4.028672883866995	100.0	0.0
1365	19.825	4.024745156351349	100.0	0.0
1368	19.79	4.006238878293451	100.0	0.0
1371	19.799	3.9862876827305906	100.0	0.0
1374	19.812	4.01706270710239	100.0	0.0
1377	19.806	3.985504767058773	100.0	0.0
1380	19.833	3.962930205771458	100.0	0.0
1383	19.823	4.00895781254215	100.0	0.0
1386	19.812	4.002333653591947	100.0	0.0
1389	19.817	4.000189059596097	100.0	0.0
1392	19.785	4.036963224017782	100.0	0.0
1395	19.787	3.9667828736100916	100.0	0.0
1398	19.796	3.922214650904227	100.0	0.0
1401	19.813	3.9180840193112783	100.0	0.0
1404	19.823	3.8702260463246425	100.0	0.0
1407	19.9	3.8880737026343866	100.0	0.0
1410	19.907	3.863324510868357	100.0	0.0
1413	19.896	3.8379569974029	100.0	0.0
1416	19.89	3.857042490921866	100.0	0.0
1419	19.868	3.8739622589260683	100.0	0.0
1422	19.95	3.8606222820167786	100.0	0.0
1425	19.957	3.8522708875403637	100.0	0.0
1428	19.914	3.8384029670342508	100.0	0.0
1431	19.854	3.8209008470887196	100.0	0.0
1434	19.847	3.786810126073254	100.0	0.0
1437	19.842	3.776943380738098	100.0	0.0
1440	19.903	3.806583912260585	100.0	0.0
1443	19.906	3.7981034200755572	100.0	0.0
1446	19.903	3.800530888577944	100.0	0.0
1449	19.969	3.804275425296049	100.0	0.0
1452	19.968	3.7742841998478665	100.0	0.0
1455	19.999	3.823560986648254	100.0	0.0
1458	20.003	3.8858835663322577	100.0	0.0
1461	19.979	3.8506345433430065	100.0	0.0
1464	19.972	3.8841089457303206	100.0	0.0
1467	19.879	3.7900822845584328	100.0	0.0
1470	19.887	3.804037552614552	100.0	0.0
1473	19.905	3.8176628386421823	100.0	0.0
1476	19.899	3.9066687933661606	100.0	0.0
1479	19.881	3.942636603008612	100.0	0.0
1482	19.856	3.919774053262342	100.0	0.0
1485	19.848	3.92636120502333	100.0	0.0
1488	19.9	3.93261560103011	100.0	0.0
1491	19.902	3.9084103765689355	100.0	0.0
1494	19.915	3.91242662322016	100.0	0.0
1497	19.926	3.8744722912334164	100.0	0.0
1500	19.895	3.84066735421408	100.0	0.0
1503	19.899	3.7948913291687467	100.0	0.0
1506	19.911	3.7830398346290828	100.0	0.0
1509	19.908	3.802893371894353	100.0	0.0
1512	19.947	3.8095542657512635	100.0	0.0
1515	19.948	3.783068543868534	100.0	0.0
1518	19.93	3.8183346736083306	100.0	0.0
1521	19.879	3.794305701410435	100.0	0.0
1524	19.869	3.748852210062816	100.0	0.0
1527	19.915	3.782602686389745	100.0	0.0
1530	19.969	3.808745928195454	100.0	0.0
1533	19.94	3.8226970862223717	100.0	0.0
1536	19.971	3.858373497478684	100.0	0.0
1539	20.019	3.8550616727233513	100.0	0.0
1542	20.063	3.8499159539985888	100.0	0.0
1545	20.114	3.846791104518389	100.0	0.0
1548	20.129	3.8545059626645006	100.0	0.0
1551	20.124	3.892785349563699	100.0	0.0
1554	20.057	3.8942156997161748	100.0	0.0
1557	20.092	3.850241597661162	100.0	0.0
1560	20.121	3.8778081948952026	100.0	0.0
1563	20.113	3.9405277259218447	100.0	0.0
1566	20.075	3.9243822158112804	100.0	0.0
1569	20.058	3.9646379852837104	100.0	0.0
1572	20.07	3.963939052610769	100.0	0.0
1575	20.05	3.931279048217642	100.0	0.0
1578	20.061	3.932269286524214	100.0	0.0
1581	20.081	3.9696595820293132	100.0	0.0
1584	20.07	4.008636821809768	100.0	0.0
1587	20.097	4.06818646833465	100.0	0.0
1590	20.134	4.059867796680862	100.0	0.0
1593	20.129	4.083752690361649	100.0	0.0
1596	20.178	4.136596116062987	100.0	0.0
1599	20.228	4.1149664578157745	100.0	0.0
1602	20.227	4.063001228030704	100.0	0.0
1605	20.262	4.057069855920138	100.0	0.0
1608	20.214	4.033171267187965	100.0	0.0
1611	20.227	4.039776081763793	100.0	0.0
1614	20.198	4.029023334386267	100.0	0.0
1617	20.17	4.038986681509781	100.0	0.0
1620	20.143	4.023523299266401	100.0	0.0
1623	20.187	4.098637557753781	100.0	0.0
1626	20.214	4.002027013929358	100.0	0.0
1629	20.119	3.9885771583044094	100.0	0.0
1632	20.114	3.993864664076007	100.0	0.0
1635	20.089	3.9948764734392044	100.0	0.0
1638	20.095	3.9751448749418827	100.0	0.0
1641	20.093	4.040132878219926	100.0	0.0
1644	20.124	4.034712245365572	100.0	0.0
1647	20.09	4.013228875357841	100.0	0.0
1650	20.097	4.011194420703227	100.0	0.0
1653	20.084	4.012860207762922	100.0	0.0
1656	20.114	4.089220674618296	100.0	0.0
1659	20.091	4.02801985396596	100.0	0.0
1662	20.116	4.019788887827687	100.0	0.0
1665	20.139	3.9979573112606754	100.0	0.0
1668	20.149	3.992585595793761	100.0	0.0
1671	20.104	3.9657169479062535	100.0	0.0
1674	20.154	4.021997073651402	100.0	0.0
1677	20.125	3.9556316843232535	100.0	0.0
1680	20.131	3.922400314121978	100.0	0.0
1683	20.099	3.9243597693890933	100.0	0.0
1686	20.13	3.956608996951142	100.0	0.0
1689	20.133	3.9966591403676452	100.0	0.0
1692	20.16	4.065086090715044	100.0	0.0
1695	20.176	4.074754916265223	100.0	0.0
1698	20.217	4.053929617709878	100.0	0.0
1701	20.169	4.014792343018197	100.0	0.0
1704	20.149	4.056507642573145	100.0	0.0
1707	20.18	4.089048828312076	100.0	0.0
1710	20.194	4.101119747481549	100.0	0.0
1713	20.212	4.09802999621157	100.0	0.0
1716	20.207	4.084217407512953	100.0	0.0
1719	20.15	4.038540554434206	100.0	0.0
1722	20.126	4.009513711187459	100.0	0.0
1725	20.086	3.983273838247941	100.0	0.0
1728	20.105	4.0390951077301125	100.0	0.0
1731	20.121	4.082526916754623	100.0	0.0
1734	20.116	3.991299847728145	100.0	0.0
1737	20.114	3.923569599025662	100.0	0.0
1740	20.202	3.9411582978521325	100.0	0.0
1743	20.236	4.031694254101934	100.0	0.0
1746	20.257	4.063429888956179	100.0	0.0
1749	20.215	4.078653014220553	100.0	0.0
1752	20.157	4.0542308503325035	100.0	0.0
1755	20.128	4.082435827086838	100.0	0.0
1758	20.132	4.11406143628185	100.0	0.0
1761	20.113	4.156140578048881	100.0	0.0
1764	20.145	4.210190102679531	100.0	0.0
1767	20.167	4.19126206263432	100.0	0.0
1770	20.154	4.246918920855487	100.0	0.0
1773	20.122	4.238051094203226	100.0	0.0
1776	20.114	4.246768069843117	100.0	0.0
1779	20.055	4.234371843013426	100.0	0.0
1782	20.024	4.265632382146829	100.0	0.0
1785	20.039	4.291141211017516	100.0	0.0
1788	20.046	4.303533943679818	100.0	0.0
1791	20.077	4.302741519611038	100.0	0.0
1794	20.109	4.274036310840888	100.0	0.0
1797	20.121	4.26104629351941	100.0	0.0
1800	20.152	4.2521732063707045	100.0	0.0
1803	20.112	4.2639931563779125	100.0	0.0
1806	20.061	4.153616680861562	100.0	0.0
1809	20.003	4.11605793605155	100.0	0.0
1812	20.014	4.129995261602713	100.0	0.0
1815	19.97	4.083843505544467	100.0	0.0
1818	20.01	4.08884074263337	100.0	0.0
1821	20.0	4.0714342161671455	100.0	0.0
1824	19.95	4.112226940528757	100.0	0.0
1827	19.935	4.06980814515111	100.0	0.0
1830	19.99	4.0819802256457045	100.0	0.0
1833	19.97	4.067141704150667	100.0	0.0
1836	19.925	4.002173458558794	100.0	0.0
1839	19.922	4.030652820842074	100.0	0.0
1842	19.882	4.053703061215569	100.0	0.0
1845	19.881	4.025797566451393	100.0	0.0
1848	19.849	4.048529311934099	100.0	0.0
1851	19.843	4.054724625889142	100.0	0.0
1854	19.886	4.047392418012542	100.0	0.0
1857	19.819	4.012273337814528	100.0	0.0
1860	19.802	4.0028513360876685	100.0	0.0
1863	19.829	3.9861822146822	100.0	0.0
1866	19.868	3.974465042288376	100.0	0.0
1869	19.906	3.9838467634982013	100.0	0.0
1872	19.808	4.0308043097356085	100.0	0.0
1875	19.821	4.062691775715264	100.0	0.0
1878	19.808	4.011137647254828	100.0	0.0
1881	19.845	3.974515287651039	100.0	0.0
1884	19.808	3.954842193662923	100.0	0.0
1887	19.814	3.971545942977027	100.0	0.0
1890	19.796	3.957530296289093	100.0	0.0
1893	19.817	3.975086453438731	100.0	0.0
1896	19.819	4.024976948932684	100.0	0.0
1899	19.805	3.9555810725633664	100.0	0.0
1902	19.756	3.9017544371330857	100.0	0.0
1905	19.771	3.8809303808005438	100.0	0.0
1908	19.803	3.917082400784355	100.0	0.0
1911	19.766	3.9546027465325597	100.0	0.0
1914	19.708	3.9087100191769264	100.0	0.0
1917	19.737	3.9587248581459313	100.0	0.0
1920	19.74	3.92068511510065	100.0	0.0
1923	19.744	3.8680001842587157	100.0	0.0
1926	19.748	3.861788369319242	100.0	0.0
1929	19.751	3.8840809833324945	100.0	0.0
1932	19.758	3.9093117960478363	100.0	0.0
1935	19.772	3.8937356326768175	100.0	0.0
1938	19.789	3.905859026479929	100.0	0.0
1941	19.777	3.883085029889184	100.0	0.0
1944	19.705	3.874659725445324	100.0	0.0
1947	19.7	3.8945047396513996	100.0	0.0
1950	19.76	3.84306767689162	100.0	0.0
1953	19.805	3.858479345916318	100.0	0.0
1956	19.82	3.9205829886601067	100.0	0.0
1959	19.818	3.865723712297585	100.0	0.0
1962	19.736	3.891201028660099	100.0	0.0
1965	19.745	3.896043397365354	100.0	0.0
1968	19.801	3.90828270135026	100.0	0.0
1971	19.789	3.8976493775955094	100.0	0.0
1974	19.767	3.894082032376168	100.0	0.0
1977	19.841	3.964017208897116	100.0	0.0
1980	19.813	3.944057122632305	100.0	0.0
1983	19.928	3.911536285926044	100.0	0.0
1986	19.959	3.8990411028253527	100.0	0.0
1989	19.909	3.8781127831406312	100.0	0.0
1992	19.885	3.8575452888664357	100.0	0.0
1995	19.909	3.885075650848105	100.0	0.0
1998	19.913	3.833813914254206	100.0	0.0
2001	19.862	3.805974440460876	100.0	0.0
2004	19.891	3.8652372577966085	100.0	0.0
2007	19.879	3.8560638257461717	100.0	0.0
2010	19.914	3.8850608357782126	100.0	0.0
2013	19.963	3.852852900835366	100.0	0.0
2016	19.922	3.875685350610512	100.0	0.0
2019	19.904	3.8879171673146478	100.0	0.0
2022	19.968	3.8418401496855337	100.0	0.0
2025	19.968	3.8881993382662507	100.0	0.0
2028	19.98	3.9228801904963935	100.0	0.0
2031	19.957	3.9062014041021267	100.0	0.0
2034	20.011	3.9038595158021665	100.0	0.0
2037	20.012	3.8679215112017027	100.0	0.0
2040	20.083	3.8726099865734067	100.0	0.0
2043	20.027	3.8563119871377163	100.0	0.0
2046	19.992	3.87336274301013	100.0	0.0
2049	19.996	3.923439483078252	100.0	0.0
2052	20.001	3.9299419134948312	100.0	0.0
2055	20.0	3.9857102109769453	100.0	0.0
2058	20.01	3.9680783315914545	100.0	0.0
2061	19.986	3.9771373651939212	100.0	0.0
2064	19.99	4.014725148502448	100.0	0.0
2067	19.999	3.978797535667001	100.0	0.0
2070	20.053	4.012267350176112	100.0	0.0
2073	20.036	3.9885602180000546	100.0	0.0
2076	20.052	3.9712802805980685	100.0	0.0
2079	20.018	3.986925077245843	100.0	0.0
2082	20.122	4.010636009562732	100.0	0.0
2085	20.08	3.984906458058896	100.0	0.0
2088	20.118	3.9877284232979004	100.0	0.0
2091	20.095	3.985204744659527	100.0	0.0
2094	20.093	4.03467837994921	100.0	0.0
2097	20.098	4.061390265769954	100.0	0.0
2100	20.134	4.0900822452332894	100.0	0.0
2103	20.143	4.1067525389797055	100.0	0.0
2106	20.155	4.100217895037633	100.0	0.0
2109	20.199	4.109779712988194	100.0	0.0
2112	20.193	4.078036461507108	100.0	0.0
2115	20.204	4.106975925331345	100.0	0.0
2118	20.167	4.117288314298993	100.0	0.0
2121	20.161	4.077708511738762	100.0	0.0
2124	20.137	4.041604330654539	100.0	0.0
2127	20.154	4.054222579079834	100.0	0.0
2130	20.087	4.045961047860051	100.0	0.0
2133	20.125	4.034061061591489	100.0	0.0
2136	20.094	4.054578104267274	100.0	0.0
2139	20.089	4.087271068180434	100.0	0.0
2142	20.112	4.043489310707503	100.0	0.0
2145	20.134	4.030420361238776	100.0	0.0
2148	20.147	4.08216303631482	100.0	0.0
2151	20.129	4.0401338692773106	100.0	0.0
2154	20.075	3.9999217960323232	100.0	0.0
2157	20.099	3.929457932035873	100.0	0.0
2160	20.04	3.923237412111535	100.0	0.0
2163	20.016	3.92646929965856	100.0	0.0
2166	20.001	3.9092558475087364	100.0	0.0
2169	20.059	3.922104269636633	100.0	0.0
2172	20.061	3.9051926366735645	100.0	0.0
2175	20.114	3.933252404114752	100.0	0.0
2178	20.108	3.9301121843761377	100.0	0.0
2181	20.148	3.9912436690868707	100.0	0.0
2184	20.173	3.973015964711931	100.0	0.0
2187	20.182	3.973243342996078	100.0	0.0
2190	20.144	3.976314257585174	100.0	0.0
2193	20.137	3.9975256360918054	100.0	0.0
2196	20.058	3.9464173892545027	100.0	0.0
2199	20.01	3.908859063611677	100.0	0.0
2202	20.006	3.9275169495992523	100.0	0.0
2205	19.953	3.979526055653818	100.0	0.0
2208	19.934	4.010202703820061	100.0	0.0
2211	19.933	4.0376743075456325	100.0	0.0
2214	19.961	3.997181063756864	100.0	0.0
2217	19.967	3.938200149868009	100.0	0.0
2220	20.003	3.9522919441270568	100.0	0.0
2223	20.047	3.9423766097790964	100.0	0.0
2226	20.027	3.9837345721246327	100.0	0.0
2229	20.049	4.000325186981858	100.0	0.0
2232	20.024	4.053622559619466	100.0	0.0
2235	20.026	4.0233706654385575	100.0	0.0
2238	19.984	3.9652827726995055	100.0	0.0
2241	19.95	3.9455122692835616	100.0	0.0
2244	19.95	3.8957254365107303	100.0	0.0
2247	19.973	3.9211792418412306	100.0	0.0
2250	19.97	3.9297000575797787	100.0	0.0
2253	20.022	3.9921740259479503	100.0	0.0
2256	20.018	3.983157232842022	100.0	0.0
2259	19.961	3.997181063756865	100.0	0.0
2262	19.954	3.989962882509533	100.0	0.0
2265	19.916	4.012610751748176	100.0	0.0
2268	19.942	4.056981032134019	100.0	0.0
2271	19.962	4.048078920048739	100.0	0.0
2274	19.981	4.053772572810681	100.0	0.0
2277	19.914	3.997071500558955	100.0	0.0
2280	19.909	4.024290485776832	100.0	0.0
2283	19.895	4.009994395888242	100.0	0.0
2286	19.828	4.021515707862969	100.0	0.0
2289	19.846	4.021001424079886	100.0	0.0
2292	19.874	4.0470362615749504	100.0	0.0
2295	19.908	4.064733454736985	100.0	0.0
2298	19.889	4.069304392428546	100.0	0.0
2301	19.868	4.008571396974815	100.0	0.0
2304	19.852	3.9478705249389425	100.0	0.0
2307	19.897	3.979475747787296	100.0	0.0
2310	19.926	3.975717586842702	100.0	0.0
2313	19.907	4.006045356632815	100.0	0.0
2316	19.899	3.9628908013599706	100.0	0.0
2319	19.944	3.9317073037450707	100.0	0.0
2322	19.956	3.9145098527641258	100.0	0.0
2325	20.014	4.008974416964504	100.0	0.0
2328	20.088	3.993018933113159	100.0	0.0
2331	20.099	4.05606344263137	100.0	0.0
2334	20.141	4.014378436848499	100.0	0.0
2337	20.212	4.006383295081371	100.0	0.0
2340	20.164	3.9853465328609774	100.0	0.0
2343	20.128	3.930020491175714	100.0	0.0
2346	20.073	3.932828261968502	100.0	0.0
2349	20.056	3.884578993141208	100.0	0.0
2352	20.014	3.8890781592723167	100.0	0.0
2355	19.961	3.863470642493017	100.0	0.0
2358	19.928	3.9110244325639387	100.0	0.0
2361	19.879	3.9104540210377925	100.0	0.0
2364	19.87	3.8892449429453784	100.0	0.0
2367	19.839	3.848101725122006	100.0	0.0
2370	19.814	3.847363539647153	100.0	0.0
2373	19.843	3.8612511262879923	100.0	0.0
2376	19.857	3.8412636340540507	100.0	0.0
2379	19.875	3.8776811900169683	100.0	0.0
2382	19.858	3.8699887354891316	100.0	0.0
2385	19.816	3.8710630489736473	100.0	0.0
2388	19.829	3.8872702337077016	100.0	0.0
2391	19.896	3.898253503863028	100.0	0.0
2394	19.933	3.90227353458712	100.0	0.0
2397	19.968	3.879694321467614	100.0	0.0
2400	19.911	3.864455073229997	100.0	0.0
2403	19.854	3.8693223768065192	100.0	0.0
2406	19.856	3.883599663501174	100.0	0.0
2409	19.884	3.867234089048621	100.0	0.0
2412	19.807	3.840116859875167	100.0	0.0
2415	19.878	3.8884747956282713	100.0	0.0
2418	19.895	3.873626205505638	100.0	0.0
2421	19.915	3.8385556540851864	100.0	0.0
2424	19.959	3.835887515690867	100.0	0.0
2427	19.974	3.8992984662024184	100.0	0.0
2430	19.959	3.896216048873512	100.0	0.0
2433	19.963	3.9434987234918975	100.0	0.0
2436	20.082	3.9586546890259244	100.0	0.0
2439	20.073	4.008708113687104	100.0	0.0
2442	20.114	4.068852363942389	100.0	0.0
2445	20.144	4.063714775642827	100.0	0.0
2448	20.097	4.040286489212728	100.0	0.0
2451	20.115	4.026908366351406	100.0	0.0
2454	20.136	4.01118356518292	100.0	0.0
2457	20.124	4.044376463805141	100.0	0.0
2460	20.135	4.061190498889244	100.0	0.0
2463	20.096	4.01408730558977	100.0	0.0
2466	20.047	4.0031007751261765	100.0	0.0
2469	20.056	3.9747531574504915	100.0	0.0
2472	20.07	3.9674728531951895	100.0	0.0
2475	20.045	3.906947560339047	100.0	0.0
2478	20.04	3.8935279066110953	100.0	0.0
2481	20.08	3.9129159090007195	100.0	0.0
2484	20.158	3.9674647795256845	100.0	0.0
2487	20.141	3.9926257099883604	100.0	0.0
2490	20.141	3.9983879384204397	100.0	0.0
2493	20.052	3.9680021473080194	100.0	0.0
2496	20.04	3.955761374002212	100.0	0.0
2499	20.11	4.066501744305103	100.0	0.0
2502	20.093	4.05620559190529	100.0	0.0
2505	20.05	4.018413573494856	100.0	0.0
2508	20.056	3.9858187052035805	100.0	0.0
2511	20.082	3.950047959060607	100.0	0.0
2514	20.069	3.9188769560419447	100.0	0.0
2517	20.031	3.8849880478750585	100.0	0.0
2520	20.014	3.8828959400015988	100.0	0.0
2523	20.083	3.8955469816556256	100.0	0.0
2526	20.104	3.9258880010255743	100.0	0.0
2529	20.158	3.903110332833328	100.0	0.0
2532	20.079	3.8951162923500635	100.0	0.0
2535	20.11	3.8627478329319938	100.0	0.0
2538	20.126	3.881905871243302	100.0	0.0
2541	20.163	3.8571113943349222	100.0	0.0
2544	20.198	3.8814767630196965	100.0	0.0
2547	20.204	3.8888954096899444	100.0	0.0
2550	20.214	3.9004381058308732	100.0	0.0
2553	20.242	3.9498148104736575	100.0	0.0
2556	20.281	3.90759623148404	100.0	0.0
2559	20.309	3.9427229250942903	100.0	0.0
2562	20.285	3.9361489133756447	100.0	0.0
2565	20.304	3.9412075709250725	100.0	0.0
2568	20.258	3.912639102286936	100.0	0.0
2571	20.284	3.8735446748873734	100.0	0.0
2574	20.283	3.8496403378407598	100.0	0.0
2577	20.313	3.872728886590052	100.0	0.0
2580	20.294	3.859852647765519	100.0	0.0
2583	20.287	3.8711260140450885	100.0	0.0
2586	20.336	3.9008102133172624	100.0	0.0
2589	20.331	3.885683664110805	100.0	0.0
2592	20.314	3.899565438688078	100.0	0.0
2595	20.336	3.9406386072098254	100.0	0.0
2598	20.286	3.8950449773238107	100.0	0.0
2601	20.334	3.886585847443688	100.0	0.0
2604	20.286	3.910690156161386	100.0	0.0
2607	20.248	3.8796323985073045	100.0	0.0
2610	20.237	3.9153749706970804	100.0	0.0
2613	20.226	3.9082218716698085	100.0	0.0
2616	20.199	3.9029004127227767	100.0	0.0
2619	20.198	3.883023805473496	100.0	0.0
2622	20.19	3.9019386367708426	100.0	0.0
2625	20.17	3.925622308693299	100.0	0.0
2628	20.202	3.947249267119668	100.0	0.0
2631	20.167	3.916177657799432	100.0	0.0
2634	20.133	3.9179920446143837	100.0	0.0
2637	20.129	3.9181259181795913	100.0	0.0
2640	20.133	3.900580152429313	100.0	0.0
2643	20.194	3.9352064558101434	100.0	0.0
2646	20.173	3.866266806496808	100.0	0.0
2649	20.15	3.830165814970691	100.0	0.0
2652	20.119	3.8680487071391316	100.0	0.0
2655	20.107	3.8575162256860636	100.0	0.0
2658	20.111	3.87449231392846	100.0	0.0
2661	20.104	3.8768820222201996	100.0	0.0
2664	20.126	3.916818283436892	100.0	0.0
2667	20.149	3.96465856253948	100.0	0.0
2670	20.188	4.001082936489153	100.0	0.0
2673	20.149	3.947452517938813	100.0	0.0
2676	20.139	3.969563758958463	100.0	0.0
2679	20.166	3.990785683342358	100.0	0.0
2682	20.173	3.9740236365507298	100.0	0.0
2685	20.167	3.995131045669479	100.0	0.0
2688	20.19	3.9559511561127114	100.0	0.0
2691	20.145	4.024446691306913	100.0	0.0
2694	20.137	4.004280867429911	100.0	0.0
2697	20.178	4.01901337002857	100.0	0.0
2700	20.132	4.019543846350321	100.0	0.0
2703	20.108	4.090362706052738	100.0	0.0
2706	20.105	4.07044758516107	100.0	0.0
2709	20.066	4.011201033821884	100.0	0.0
2712	20.064	4.008487491806849	100.0	0.0
2715	20.077	4.015619030261252	100.0	0.0
2718	20.073	4.0343459131496155	100.0	0.0
2721	20.122	3.9833381708038624	100.0	0.0
2724	20.167	3.909270186798736	100.0	0.0
2727	20.185	3.966927212782148	100.0	0.0
2730	20.185	4.024546182114452	100.0	0.0
2733	20.199	3.9954176705774307	100.0	0.0
2736	20.232	4.088140028043198	100.0	0.0
2739	20.235	4.115423636967609	100.0	0.0
2742	20.197	4.1042704633145295	100.0	0.0
2745	20.198	4.093599095362607	100.0	0.0
2748	20.206	4.060548245256058	100.0	0.0
2751	20.181	4.013520567699552	100.0	0.0
2754	20.164	4.017367700776627	100.0	0.0
2757	20.208	4.0188166027932715	100.0	0.0
2760	20.172	4.004303990764243	100.0	0.0
2763	20.165	3.9869375052376452	100.0	0.0
2766	20.224	4.070920829050402	100.0	0.0
2769	20.179	4.026309745929905	100.0	0.0
2772	20.116	3.9817582044115447	100.0	0.0
2775	20.131	3.984182816176071	100.0	0.0
2778	20.126	3.9577503442976063	100.0	0.0
2781	20.101	3.9066687933661597	100.0	0.0
2784	20.11	3.9045031880055023	100.0	0.0
2787	20.125	3.9282064362512576	100.0	0.0
2790	20.115	3.903717973165324	100.0	0.0
2793	20.07	3.9051696954614292	100.0	0.0
2796	20.114	3.8822771766163333	100.0	0.0
2799	20.131	3.8741254300613233	100.0	0.0
2802	20.094	3.85149295702303	100.0	0.0
2805	20.073	3.871519037749873	100.0	0.0
2808	20.062	3.8651125591753557	100.0	0.0
2811	20.062	3.8315580168955816	100.0	0.0
2814	20.057	3.8557253037032626	100.0	0.0
2817	20.056	3.830866682558864	100.0	0.0
2820	20.064	3.8210606517699337	100.0	0.0
2823	19.98	3.8619314487073124	100.0	0.0
2826	20.021	3.924278144953411	100.0	0.0
2829	19.972	3.906978433582722	100.0	0.0
2832	20.004	3.877759794136429	100.0	0.0
2835	20.009	3.928148335965619	100.0	0.0
2838	19.951	3.9086924766316327	100.0	0.0
2841	19.952	3.9708265466352715	100.0	0.0
2844	19.956	3.9806921395543684	100.0	0.0
2847	19.89	3.9468313211331245	100.0	0.0
2850	19.951	4.010321892527023	100.0	0.0
2853	19.898	3.963496600894886	100.0	0.0
2856	19.897	3.920173307235125	100.0	0.0
2859	19.921	3.897428504661622	100.0	0.0
2862	19.983	3.9260826691659356	100.0	0.0
2865	19.946	3.954582496638889	100.0	0.0
2868	19.954	3.9282712884060444	100.0	0.0
2871	19.989	3.9525310247361096	100.0	0.0
2874	19.957	3.934034522932871	100.0	0.0
2877	19.934	3.987423170864055	100.0	0.0
2880	19.946	3.988607901635976	100.0	0.0
2883	19.996	3.95140450948743	100.0	0.0
2886	19.955	3.949249494723209	100.0	0.0
2889	19.985	3.9679364308818634	100.0	0.0
2892	20.003	3.9737616664543163	100.0	0.0
2895	20.016	3.9652827726995077	100.0	0.0
2898	20.017	4.003590855686897	100.0	0.0
2901	20.05	3.9941774439117625	100.0	0.0
2904	20.113	4.035903804542366	100.0	0.0
2907	20.099	4.064691958896855	100.0	0.0
2910	20.059	4.043992194956967	100.0	0.0
2913	20.088	4.1181567739967315	100.0	0.0
2916	20.089	4.074761671887416	100.0	0.0
2919	20.094	4.016378380493463	100.0	0.0
2922	20.085	4.014958890810059	100.0	0.0
2925	20.057	3.9967142410641174	100.0	0.0
2928	20.11	4.038342259914108	100.0	0.0
2931	20.096	4.038947523439384	100.0	0.0
2934	20.035	4.0274054917521	100.0	0.0
2937	20.044	4.0694747357152465	100.0	0.0
2940	20.047	4.132295592871697	100.0	0.0
2943	20.076	4.162156598152877	100.0	0.0
2946	20.139	4.168579620932778	100.0	0.0
2949	20.121	4.144579174842307	100.0	0.0
2952	20.137	4.110124587421176	100.0	0.0
2955	20.142	4.052932550914487	100.0	0.0
2958	20.072	3.96970711445751	100.0	0.0
2961	20.083	4.023468565715317	100.0	0.0
2964	20.119	4.025300242471603	100.0	0.0
2967	20.08	3.9999499496368225	100.0	0.0
2970	20.07	4.036011569531155	100.0	0.0
2973	20.099	4.005651538045248	100.0	0.0
2976	20.084	4.030780469238085	100.0	0.0
2979	20.075	4.029840519749468	100.0	0.0
2982	20.003	4.03922100240954	100.0	0.0
2985	20.015	4.056998180210856	100.0	0.0
2988	20.054	4.092656085457686	100.0	0.0
2991	20.076	4.092550912691615	100.0	0.0
2994	20.087	4.016910076982877	100.0	0.0
2997	20.045	3.982315134922625	100.0	0.0
3000	19.994	4.004997378776176	100.0	0.0
3003	20.072	4.032254341565654	100.0	0.0
3006	20.046	4.046759229341453	100.0	0.0
3009	20.02	4.036569570054993	100.0	0.0
3012	20.036	3.9890621224313714	100.0	0.0
3015	19.956	4.0022596220238045	100.0	0.0
3018	19.919	4.0095530318871555	100.0	0.0
3021	19.871	4.03914269043242	100.0	0.0
3024	19.831	4.025001818588358	100.0	0.0
3027	19.878	4.012382735384959	100.0	0.0
3030	19.877	4.000234102258628	100.0	0.0
3033	19.89	3.9922221678956964	100.0	0.0
3036	19.904	3.9575808831212154	100.0	0.0
3039	19.952	3.9170191522430633	100.0	0.0
3042	19.927	3.9111338468490238	100.0	0.0
3045	19.95	3.874340009667526	100.0	0.0
3048	19.991	3.869611465366129	100.0	0.0
3051	20.023	3.830031349759443	100.0	0.0
3054	20.068	3.8431947837894085	100.0	0.0
3057	20.002	3.8187142572570942	100.0	0.0
3060	20.025	3.8563254849981474	100.0	0.0
