0.000000 1.000000 
1.000000 1.114000 
2.000000 1.126000 
3.000000 1.134000 
4.000000 1.139000 
5.000000 1.150000 
6.000000 1.160000 
7.000000 1.167000 
8.000000 1.175000 
9.000000 1.191000 
10.000000 1.202000 
11.000000 1.213000 
12.000000 1.221000 
13.000000 1.227000 
14.000000 1.237000 
15.000000 1.249000 
16.000000 1.261000 
17.000000 1.271000 
18.000000 1.277000 
19.000000 1.290000 
20.000000 1.294000 
21.000000 1.300000 
22.000000 1.311000 
23.000000 1.319000 
24.000000 1.324000 
25.000000 1.341000 
26.000000 1.342000 
27.000000 1.348000 
28.000000 1.362000 
29.000000 1.379000 
30.000000 1.393000 
31.000000 1.407000 
32.000000 1.425000 
33.000000 1.433000 
34.000000 1.448000 
35.000000 1.458000 
36.000000 1.469000 
37.000000 1.478000 
38.000000 1.492000 
39.000000 1.501000 
40.000000 1.510000 
41.000000 1.521000 
42.000000 1.536000 
43.000000 1.544000 
44.000000 1.558000 
45.000000 1.567000 
46.000000 1.580000 
47.000000 1.593000 
48.000000 1.606000 
49.000000 1.621000 
50.000000 1.644000 
51.000000 1.660000 
52.000000 1.670000 
53.000000 1.687000 
54.000000 1.705000 
55.000000 1.718000 
56.000000 1.737000 
57.000000 1.751000 
58.000000 1.763000 
59.000000 1.780000 
60.000000 1.790000 
61.000000 1.803000 
62.000000 1.816000 
63.000000 1.836000 
64.000000 1.850000 
65.000000 1.864000 
66.000000 1.879000 
67.000000 1.892000 
68.000000 1.906000 
69.000000 1.928000 
70.000000 1.945000 
71.000000 1.960000 
72.000000 1.976000 
73.000000 1.988000 
74.000000 2.004000 
75.000000 2.011000 
76.000000 2.021000 
77.000000 2.040000 
78.000000 2.047000 
79.000000 2.062000 
80.000000 2.075000 
81.000000 2.087000 
82.000000 2.097000 
83.000000 2.116000 
84.000000 2.119000 
85.000000 2.126000 
86.000000 2.137000 
87.000000 2.152000 
88.000000 2.173000 
89.000000 2.184000 
90.000000 2.200000 
91.000000 2.214000 
92.000000 2.230000 
93.000000 2.250000 
94.000000 2.263000 
95.000000 2.284000 
96.000000 2.298000 
97.000000 2.315000 
98.000000 2.327000 
99.000000 2.345000 
100.000000 2.360000 
101.000000 2.374000 
102.000000 2.388000 
103.000000 2.403000 
104.000000 2.421000 
105.000000 2.438000 
106.000000 2.457000 
107.000000 2.479000 
108.000000 2.501000 
109.000000 2.514000 
110.000000 2.533000 
111.000000 2.547000 
112.000000 2.562000 
113.000000 2.581000 
114.000000 2.604000 
115.000000 2.616000 
116.000000 2.629000 
117.000000 2.649000 
118.000000 2.665000 
119.000000 2.691000 
120.000000 2.718000 
121.000000 2.746000 
122.000000 2.773000 
123.000000 2.787000 
124.000000 2.806000 
125.000000 2.828000 
126.000000 2.846000 
127.000000 2.866000 
128.000000 2.879000 
129.000000 2.892000 
130.000000 2.905000 
131.000000 2.928000 
132.000000 2.948000 
133.000000 2.965000 
134.000000 2.989000 
135.000000 3.004000 
136.000000 3.026000 
137.000000 3.049000 
138.000000 3.070000 
139.000000 3.085000 
140.000000 3.108000 
141.000000 3.127000 
142.000000 3.151000 
143.000000 3.168000 
144.000000 3.188000 
145.000000 3.212000 
146.000000 3.237000 
147.000000 3.255000 
148.000000 3.277000 
149.000000 3.293000 
150.000000 3.317000 
151.000000 3.345000 
152.000000 3.364000 
153.000000 3.391000 
154.000000 3.417000 
155.000000 3.434000 
156.000000 3.453000 
157.000000 3.480000 
158.000000 3.510000 
159.000000 3.536000 
160.000000 3.564000 
161.000000 3.583000 
162.000000 3.608000 
163.000000 3.630000 
164.000000 3.655000 
165.000000 3.676000 
166.000000 3.693000 
167.000000 3.712000 
168.000000 3.735000 
169.000000 3.767000 
170.000000 3.792000 
171.000000 3.811000 
172.000000 3.836000 
173.000000 3.851000 
174.000000 3.886000 
175.000000 3.902000 
176.000000 3.914000 
177.000000 3.947000 
178.000000 3.971000 
179.000000 3.992000 
180.000000 4.016000 
181.000000 4.032000 
182.000000 4.059000 
183.000000 4.082000 
184.000000 4.098000 
185.000000 4.119000 
186.000000 4.135000 
187.000000 4.149000 
188.000000 4.171000 
189.000000 4.199000 
190.000000 4.222000 
191.000000 4.241000 
192.000000 4.264000 
193.000000 4.292000 
194.000000 4.311000 
195.000000 4.338000 
196.000000 4.368000 
197.000000 4.394000 
198.000000 4.419000 
199.000000 4.449000 
200.000000 4.467000 
201.000000 4.491000 
202.000000 4.510000 
203.000000 4.546000 
204.000000 4.568000 
205.000000 4.580000 
206.000000 4.600000 
207.000000 4.629000 
208.000000 4.656000 
209.000000 4.672000 
210.000000 4.702000 
211.000000 4.735000 
212.000000 4.759000 
213.000000 4.784000 
214.000000 4.808000 
215.000000 4.820000 
216.000000 4.844000 
217.000000 4.869000 
218.000000 4.895000 
219.000000 4.938000 
220.000000 4.957000 
221.000000 4.979000 
222.000000 5.002000 
223.000000 5.026000 
224.000000 5.051000 
225.000000 5.073000 
226.000000 5.101000 
227.000000 5.120000 
228.000000 5.142000 
229.000000 5.167000 
230.000000 5.187000 
231.000000 5.204000 
232.000000 5.236000 
233.000000 5.266000 
234.000000 5.291000 
235.000000 5.335000 
236.000000 5.374000 
237.000000 5.418000 
238.000000 5.445000 
239.000000 5.478000 
240.000000 5.495000 
241.000000 5.530000 
242.000000 5.565000 
243.000000 5.584000 
244.000000 5.618000 
245.000000 5.633000 
246.000000 5.661000 
247.000000 5.689000 
248.000000 5.715000 
249.000000 5.728000 
250.000000 5.754000 
251.000000 5.777000 
252.000000 5.809000 
253.000000 5.841000 
254.000000 5.857000 
255.000000 5.883000 
256.000000 5.903000 
257.000000 5.926000 
258.000000 5.968000 
259.000000 6.004000 
260.000000 6.031000 
261.000000 6.056000 
262.000000 6.098000 
263.000000 6.123000 
264.000000 6.153000 
265.000000 6.174000 
266.000000 6.202000 
267.000000 6.231000 
268.000000 6.240000 
269.000000 6.269000 
270.000000 6.295000 
271.000000 6.329000 
272.000000 6.377000 
273.000000 6.397000 
274.000000 6.434000 
275.000000 6.477000 
276.000000 6.510000 
277.000000 6.551000 
278.000000 6.588000 
279.000000 6.609000 
280.000000 6.628000 
281.000000 6.661000 
282.000000 6.690000 
283.000000 6.722000 
284.000000 6.758000 
285.000000 6.776000 
286.000000 6.816000 
287.000000 6.840000 
288.000000 6.867000 
289.000000 6.891000 
290.000000 6.929000 
291.000000 6.977000 
292.000000 7.011000 
293.000000 7.031000 
294.000000 7.080000 
295.000000 7.103000 
296.000000 7.143000 
297.000000 7.182000 
298.000000 7.206000 
299.000000 7.246000 
300.000000 7.271000 
301.000000 7.304000 
302.000000 7.340000 
303.000000 7.386000 
304.000000 7.413000 
305.000000 7.457000 
306.000000 7.490000 
307.000000 7.517000 
308.000000 7.552000 
309.000000 7.586000 
310.000000 7.621000 
311.000000 7.648000 
312.000000 7.689000 
313.000000 7.721000 
314.000000 7.739000 
315.000000 7.763000 
316.000000 7.787000 
317.000000 7.804000 
318.000000 7.834000 
319.000000 7.861000 
320.000000 7.906000 
321.000000 7.927000 
322.000000 7.952000 
323.000000 7.989000 
324.000000 8.021000 
325.000000 8.047000 
326.000000 8.090000 
327.000000 8.112000 
328.000000 8.137000 
329.000000 8.171000 
330.000000 8.195000 
331.000000 8.219000 
332.000000 8.253000 
333.000000 8.272000 
334.000000 8.305000 
335.000000 8.333000 
336.000000 8.367000 
337.000000 8.393000 
338.000000 8.418000 
339.000000 8.451000 
340.000000 8.478000 
341.000000 8.520000 
342.000000 8.544000 
343.000000 8.556000 
344.000000 8.578000 
345.000000 8.602000 
346.000000 8.626000 
347.000000 8.656000 
348.000000 8.683000 
349.000000 8.701000 
350.000000 8.732000 
351.000000 8.750000 
352.000000 8.778000 
353.000000 8.780000 
354.000000 8.805000 
355.000000 8.819000 
356.000000 8.838000 
357.000000 8.881000 
358.000000 8.910000 
359.000000 8.940000 
360.000000 8.960000 
361.000000 9.001000 
362.000000 9.035000 
363.000000 9.054000 
364.000000 9.089000 
365.000000 9.117000 
366.000000 9.146000 
367.000000 9.161000 
368.000000 9.206000 
369.000000 9.227000 
370.000000 9.262000 
371.000000 9.301000 
372.000000 9.334000 
373.000000 9.359000 
374.000000 9.397000 
375.000000 9.418000 
376.000000 9.451000 
377.000000 9.488000 
378.000000 9.526000 
379.000000 9.558000 
380.000000 9.589000 
381.000000 9.611000 
382.000000 9.643000 
383.000000 9.663000 
384.000000 9.699000 
385.000000 9.720000 
386.000000 9.757000 
387.000000 9.789000 
388.000000 9.822000 
389.000000 9.845000 
390.000000 9.870000 
391.000000 9.919000 
392.000000 9.962000 
393.000000 9.998000 
394.000000 10.039000 
395.000000 10.069000 
396.000000 10.105000 
397.000000 10.112000 
398.000000 10.153000 
399.000000 10.193000 
400.000000 10.213000 
401.000000 10.242000 
402.000000 10.275000 
403.000000 10.305000 
404.000000 10.337000 
405.000000 10.342000 
406.000000 10.363000 
407.000000 10.407000 
408.000000 10.442000 
409.000000 10.467000 
410.000000 10.488000 
411.000000 10.513000 
412.000000 10.565000 
413.000000 10.600000 
414.000000 10.624000 
415.000000 10.631000 
416.000000 10.660000 
417.000000 10.691000 
418.000000 10.718000 
419.000000 10.719000 
420.000000 10.761000 
421.000000 10.812000 
422.000000 10.835000 
423.000000 10.863000 
424.000000 10.918000 
425.000000 10.923000 
426.000000 10.935000 
427.000000 10.956000 
428.000000 10.997000 
429.000000 11.036000 
430.000000 11.074000 
431.000000 11.094000 
432.000000 11.117000 
433.000000 11.138000 
434.000000 11.155000 
435.000000 11.171000 
436.000000 11.199000 
437.000000 11.220000 
438.000000 11.240000 
439.000000 11.263000 
440.000000 11.280000 
441.000000 11.306000 
442.000000 11.342000 
443.000000 11.363000 
444.000000 11.399000 
445.000000 11.445000 
446.000000 11.451000 
447.000000 11.483000 
448.000000 11.493000 
449.000000 11.524000 
450.000000 11.541000 
451.000000 11.576000 
452.000000 11.607000 
453.000000 11.612000 
454.000000 11.640000 
455.000000 11.694000 
456.000000 11.706000 
457.000000 11.723000 
458.000000 11.748000 
459.000000 11.773000 
460.000000 11.809000 
461.000000 11.840000 
462.000000 11.866000 
463.000000 11.885000 
464.000000 11.926000 
465.000000 11.944000 
466.000000 11.977000 
467.000000 12.004000 
468.000000 12.040000 
469.000000 12.076000 
470.000000 12.108000 
471.000000 12.129000 
472.000000 12.179000 
473.000000 12.214000 
474.000000 12.232000 
475.000000 12.256000 
476.000000 12.285000 
477.000000 12.311000 
478.000000 12.328000 
479.000000 12.339000 
480.000000 12.380000 
481.000000 12.429000 
482.000000 12.474000 
483.000000 12.504000 
484.000000 12.538000 
485.000000 12.558000 
486.000000 12.569000 
487.000000 12.598000 
488.000000 12.630000 
489.000000 12.648000 
490.000000 12.662000 
491.000000 12.698000 
492.000000 12.723000 
493.000000 12.765000 
494.000000 12.780000 
495.000000 12.784000 
496.000000 12.815000 
497.000000 12.847000 
498.000000 12.869000 
499.000000 12.876000 
500.000000 12.905000 
501.000000 12.916000 
502.000000 12.953000 
503.000000 12.967000 
504.000000 12.991000 
505.000000 13.014000 
506.000000 13.052000 
507.000000 13.091000 
508.000000 13.108000 
509.000000 13.146000 
510.000000 13.163000 
511.000000 13.206000 
512.000000 13.239000 
513.000000 13.265000 
514.000000 13.274000 
515.000000 13.310000 
516.000000 13.328000 
517.000000 13.344000 
518.000000 13.378000 
519.000000 13.431000 
520.000000 13.427000 
521.000000 13.447000 
522.000000 13.456000 
523.000000 13.462000 
524.000000 13.475000 
525.000000 13.496000 
526.000000 13.517000 
527.000000 13.534000 
528.000000 13.578000 
529.000000 13.595000 
530.000000 13.631000 
531.000000 13.642000 
532.000000 13.666000 
533.000000 13.683000 
534.000000 13.681000 
535.000000 13.705000 
536.000000 13.747000 
537.000000 13.749000 
538.000000 13.793000 
539.000000 13.829000 
540.000000 13.857000 
541.000000 13.876000 
542.000000 13.897000 
543.000000 13.911000 
544.000000 13.948000 
545.000000 13.939000 
546.000000 13.973000 
547.000000 13.997000 
548.000000 14.006000 
549.000000 14.025000 
550.000000 14.037000 
551.000000 14.047000 
552.000000 14.086000 
553.000000 14.074000 
554.000000 14.085000 
555.000000 14.117000 
556.000000 14.141000 
557.000000 14.158000 
558.000000 14.182000 
559.000000 14.216000 
560.000000 14.259000 
561.000000 14.278000 
562.000000 14.286000 
563.000000 14.325000 
564.000000 14.332000 
565.000000 14.342000 
566.000000 14.350000 
567.000000 14.366000 
568.000000 14.381000 
569.000000 14.408000 
570.000000 14.427000 
571.000000 14.466000 
572.000000 14.489000 
573.000000 14.525000 
574.000000 14.562000 
575.000000 14.580000 
576.000000 14.596000 
577.000000 14.614000 
578.000000 14.601000 
579.000000 14.609000 
580.000000 14.612000 
581.000000 14.667000 
582.000000 14.689000 
583.000000 14.702000 
584.000000 14.720000 
585.000000 14.736000 
586.000000 14.756000 
587.000000 14.790000 
588.000000 14.826000 
589.000000 14.851000 
590.000000 14.874000 
591.000000 14.894000 
592.000000 14.892000 
593.000000 14.913000 
594.000000 14.954000 
595.000000 14.975000 
596.000000 14.972000 
597.000000 14.992000 
598.000000 15.024000 
599.000000 15.027000 
600.000000 15.059000 
601.000000 15.073000 
602.000000 15.086000 
603.000000 15.111000 
604.000000 15.150000 
605.000000 15.185000 
606.000000 15.214000 
607.000000 15.241000 
608.000000 15.259000 
609.000000 15.288000 
610.000000 15.294000 
611.000000 15.327000 
612.000000 15.359000 
613.000000 15.399000 
614.000000 15.400000 
615.000000 15.444000 
616.000000 15.487000 
617.000000 15.522000 
618.000000 15.529000 
619.000000 15.550000 
620.000000 15.557000 
621.000000 15.564000 
622.000000 15.573000 
623.000000 15.619000 
624.000000 15.629000 
625.000000 15.629000 
626.000000 15.658000 
627.000000 15.677000 
628.000000 15.701000 
629.000000 15.732000 
630.000000 15.753000 
631.000000 15.787000 
632.000000 15.798000 
633.000000 15.834000 
634.000000 15.854000 
635.000000 15.868000 
636.000000 15.881000 
637.000000 15.918000 
638.000000 15.931000 
639.000000 15.958000 
640.000000 15.969000 
641.000000 15.982000 
642.000000 15.997000 
643.000000 16.004000 
644.000000 16.004000 
645.000000 16.020000 
646.000000 16.045000 
647.000000 16.050000 
648.000000 16.084000 
649.000000 16.128000 
650.000000 16.132000 
651.000000 16.164000 
652.000000 16.166000 
653.000000 16.178000 
654.000000 16.170000 
655.000000 16.180000 
656.000000 16.201000 
657.000000 16.230000 
658.000000 16.243000 
659.000000 16.242000 
660.000000 16.250000 
661.000000 16.278000 
662.000000 16.294000 
663.000000 16.324000 
664.000000 16.360000 
665.000000 16.382000 
666.000000 16.388000 
667.000000 16.423000 
668.000000 16.438000 
669.000000 16.477000 
670.000000 16.498000 
671.000000 16.526000 
672.000000 16.556000 
673.000000 16.574000 
674.000000 16.622000 
675.000000 16.637000 
676.000000 16.660000 
677.000000 16.670000 
678.000000 16.697000 
679.000000 16.720000 
680.000000 16.719000 
681.000000 16.743000 
682.000000 16.734000 
683.000000 16.707000 
684.000000 16.710000 
685.000000 16.709000 
686.000000 16.713000 
687.000000 16.699000 
688.000000 16.743000 
689.000000 16.752000 
690.000000 16.780000 
691.000000 16.794000 
692.000000 16.801000 
693.000000 16.814000 
694.000000 16.800000 
695.000000 16.798000 
696.000000 16.836000 
697.000000 16.852000 
698.000000 16.849000 
699.000000 16.873000 
700.000000 16.906000 
701.000000 16.906000 
702.000000 16.917000 
703.000000 16.948000 
704.000000 16.955000 
705.000000 16.969000 
706.000000 17.009000 
707.000000 17.026000 
708.000000 17.011000 
709.000000 17.017000 
710.000000 17.012000 
711.000000 17.032000 
712.000000 17.053000 
713.000000 17.094000 
714.000000 17.118000 
715.000000 17.112000 
716.000000 17.153000 
717.000000 17.168000 
718.000000 17.193000 
719.000000 17.209000 
720.000000 17.225000 
721.000000 17.231000 
722.000000 17.252000 
723.000000 17.256000 
724.000000 17.294000 
725.000000 17.309000 
726.000000 17.303000 
727.000000 17.329000 
728.000000 17.326000 
729.000000 17.348000 
730.000000 17.353000 
731.000000 17.372000 
732.000000 17.390000 
733.000000 17.384000 
734.000000 17.385000 
735.000000 17.416000 
736.000000 17.445000 
737.000000 17.472000 
738.000000 17.484000 
739.000000 17.485000 
740.000000 17.504000 
741.000000 17.505000 
742.000000 17.514000 
743.000000 17.516000 
744.000000 17.524000 
745.000000 17.520000 
746.000000 17.546000 
747.000000 17.524000 
748.000000 17.512000 
749.000000 17.523000 
750.000000 17.550000 
751.000000 17.556000 
752.000000 17.581000 
753.000000 17.594000 
754.000000 17.598000 
755.000000 17.614000 
756.000000 17.611000 
757.000000 17.627000 
758.000000 17.626000 
759.000000 17.656000 
760.000000 17.674000 
761.000000 17.693000 
762.000000 17.696000 
763.000000 17.684000 
764.000000 17.695000 
765.000000 17.732000 
766.000000 17.730000 
767.000000 17.729000 
768.000000 17.757000 
769.000000 17.758000 
770.000000 17.771000 
771.000000 17.781000 
772.000000 17.810000 
773.000000 17.828000 
774.000000 17.816000 
775.000000 17.836000 
776.000000 17.850000 
777.000000 17.852000 
778.000000 17.881000 
779.000000 17.898000 
780.000000 17.888000 
781.000000 17.883000 
782.000000 17.912000 
783.000000 17.939000 
784.000000 17.945000 
785.000000 17.943000 
786.000000 17.953000 
787.000000 17.953000 
788.000000 17.948000 
789.000000 17.998000 
790.000000 17.993000 
791.000000 17.999000 
792.000000 18.006000 
793.000000 18.018000 
794.000000 18.026000 
795.000000 18.019000 
796.000000 18.022000 
797.000000 18.025000 
798.000000 18.035000 
799.000000 18.066000 
800.000000 18.065000 
801.000000 18.078000 
802.000000 18.083000 
803.000000 18.094000 
804.000000 18.088000 
805.000000 18.083000 
806.000000 18.121000 
807.000000 18.148000 
808.000000 18.166000 
809.000000 18.199000 
810.000000 18.200000 
811.000000 18.207000 
812.000000 18.217000 
813.000000 18.224000 
814.000000 18.241000 
815.000000 18.255000 
816.000000 18.271000 
817.000000 18.265000 
818.000000 18.279000 
819.000000 18.295000 
820.000000 18.319000 
821.000000 18.331000 
822.000000 18.324000 
823.000000 18.342000 
824.000000 18.402000 
825.000000 18.408000 
826.000000 18.398000 
827.000000 18.399000 
828.000000 18.418000 
829.000000 18.421000 
830.000000 18.456000 
831.000000 18.462000 
832.000000 18.457000 
833.000000 18.456000 
834.000000 18.466000 
835.000000 18.473000 
836.000000 18.453000 
837.000000 18.459000 
838.000000 18.464000 
839.000000 18.495000 
840.000000 18.499000 
841.000000 18.503000 
842.000000 18.515000 
843.000000 18.533000 
844.000000 18.544000 
845.000000 18.553000 
846.000000 18.591000 
847.000000 18.595000 
848.000000 18.588000 
849.000000 18.613000 
850.000000 18.615000 
851.000000 18.645000 
852.000000 18.672000 
853.000000 18.663000 
854.000000 18.678000 
855.000000 18.706000 
856.000000 18.722000 
857.000000 18.721000 
858.000000 18.746000 
859.000000 18.781000 
860.000000 18.781000 
861.000000 18.770000 
862.000000 18.746000 
863.000000 18.745000 
864.000000 18.750000 
865.000000 18.746000 
866.000000 18.742000 
867.000000 18.752000 
868.000000 18.769000 
869.000000 18.766000 
870.000000 18.768000 
871.000000 18.780000 
872.000000 18.784000 
873.000000 18.767000 
874.000000 18.767000 
875.000000 18.789000 
876.000000 18.790000 
877.000000 18.790000 
878.000000 18.798000 
879.000000 18.796000 
880.000000 18.808000 
881.000000 18.827000 
882.000000 18.805000 
883.000000 18.807000 
884.000000 18.799000 
885.000000 18.808000 
886.000000 18.824000 
887.000000 18.816000 
888.000000 18.824000 
889.000000 18.818000 
890.000000 18.801000 
891.000000 18.838000 
892.000000 18.877000 
893.000000 18.882000 
894.000000 18.898000 
895.000000 18.908000 
896.000000 18.908000 
897.000000 18.926000 
898.000000 18.945000 
899.000000 18.931000 
900.000000 18.922000 
901.000000 18.922000 
902.000000 18.938000 
903.000000 18.949000 
904.000000 18.971000 
905.000000 19.007000 
906.000000 18.999000 
907.000000 19.042000 
908.000000 19.037000 
909.000000 19.048000 
910.000000 19.048000 
911.000000 19.041000 
912.000000 19.071000 
913.000000 19.074000 
914.000000 19.058000 
915.000000 19.060000 
916.000000 19.069000 
917.000000 19.072000 
918.000000 19.067000 
919.000000 19.093000 
920.000000 19.098000 
921.000000 19.076000 
922.000000 19.087000 
923.000000 19.070000 
924.000000 19.096000 
925.000000 19.099000 
926.000000 19.125000 
927.000000 19.110000 
928.000000 19.108000 
929.000000 19.137000 
930.000000 19.145000 
931.000000 19.160000 
932.000000 19.187000 
933.000000 19.186000 
934.000000 19.179000 
935.000000 19.200000 
936.000000 19.171000 
937.000000 19.180000 
938.000000 19.187000 
939.000000 19.197000 
940.000000 19.211000 
941.000000 19.219000 
942.000000 19.213000 
943.000000 19.195000 
944.000000 19.201000 
945.000000 19.220000 
946.000000 19.232000 
947.000000 19.222000 
948.000000 19.235000 
949.000000 19.253000 
950.000000 19.264000 
951.000000 19.273000 
952.000000 19.280000 
953.000000 19.310000 
954.000000 19.302000 
955.000000 19.340000 
956.000000 19.332000 
957.000000 19.350000 
958.000000 19.347000 
959.000000 19.323000 
960.000000 19.306000 
961.000000 19.327000 
962.000000 19.334000 
963.000000 19.339000 
964.000000 19.365000 
965.000000 19.363000 
966.000000 19.361000 
967.000000 19.380000 
968.000000 19.369000 
969.000000 19.371000 
970.000000 19.403000 
971.000000 19.393000 
972.000000 19.416000 
973.000000 19.416000 
974.000000 19.414000 
975.000000 19.422000 
976.000000 19.413000 
977.000000 19.414000 
978.000000 19.419000 
979.000000 19.437000 
980.000000 19.449000 
981.000000 19.457000 
982.000000 19.462000 
983.000000 19.442000 
984.000000 19.447000 
985.000000 19.430000 
986.000000 19.439000 
987.000000 19.436000 
988.000000 19.438000 
989.000000 19.422000 
990.000000 19.436000 
991.000000 19.432000 
992.000000 19.457000 
993.000000 19.427000 
994.000000 19.430000 
995.000000 19.413000 
996.000000 19.412000 
997.000000 19.407000 
998.000000 19.430000 
999.000000 19.445000 
1000.000000 19.449000 
1001.000000 19.454000 
1002.000000 19.457000 
1003.000000 19.467000 
1004.000000 19.482000 
1005.000000 19.512000 
1006.000000 19.522000 
1007.000000 19.522000 
1008.000000 19.501000 
1009.000000 19.513000 
1010.000000 19.525000 
1011.000000 19.530000 
1012.000000 19.538000 
1013.000000 19.517000 
1014.000000 19.528000 
1015.000000 19.551000 
1016.000000 19.570000 
1017.000000 19.560000 
1018.000000 19.552000 
1019.000000 19.543000 
1020.000000 19.568000 
1021.000000 19.554000 
1022.000000 19.586000 
1023.000000 19.589000 
1024.000000 19.599000 
1025.000000 19.601000 
1026.000000 19.592000 
1027.000000 19.598000 
1028.000000 19.586000 
1029.000000 19.583000 
1030.000000 19.577000 
1031.000000 19.583000 
1032.000000 19.611000 
1033.000000 19.613000 
1034.000000 19.649000 
1035.000000 19.644000 
1036.000000 19.633000 
1037.000000 19.625000 
1038.000000 19.633000 
1039.000000 19.634000 
1040.000000 19.647000 
1041.000000 19.662000 
1042.000000 19.665000 
1043.000000 19.656000 
1044.000000 19.655000 
1045.000000 19.662000 
1046.000000 19.676000 
1047.000000 19.675000 
1048.000000 19.676000 
1049.000000 19.652000 
1050.000000 19.693000 
1051.000000 19.704000 
1052.000000 19.704000 
1053.000000 19.703000 
1054.000000 19.715000 
1055.000000 19.695000 
1056.000000 19.700000 
1057.000000 19.696000 
1058.000000 19.695000 
1059.000000 19.702000 
1060.000000 19.738000 
1061.000000 19.752000 
1062.000000 19.761000 
1063.000000 19.781000 
1064.000000 19.801000 
1065.000000 19.832000 
1066.000000 19.841000 
1067.000000 19.831000 
1068.000000 19.838000 
1069.000000 19.870000 
1070.000000 19.891000 
1071.000000 19.892000 
1072.000000 19.895000 
1073.000000 19.898000 
1074.000000 19.925000 
1075.000000 19.913000 
1076.000000 19.922000 
1077.000000 19.930000 
1078.000000 19.919000 
1079.000000 19.926000 
1080.000000 19.902000 
1081.000000 19.917000 
1082.000000 19.922000 
1083.000000 19.892000 
1084.000000 19.858000 
1085.000000 19.838000 
1086.000000 19.831000 
1087.000000 19.821000 
1088.000000 19.827000 
1089.000000 19.801000 
1090.000000 19.786000 
1091.000000 19.804000 
1092.000000 19.789000 
1093.000000 19.788000 
1094.000000 19.771000 
1095.000000 19.769000 
1096.000000 19.800000 
1097.000000 19.834000 
1098.000000 19.828000 
1099.000000 19.838000 
1100.000000 19.815000 
1101.000000 19.818000 
1102.000000 19.810000 
1103.000000 19.790000 
1104.000000 19.835000 
1105.000000 19.817000 
1106.000000 19.838000 
1107.000000 19.836000 
1108.000000 19.863000 
1109.000000 19.865000 
1110.000000 19.901000 
1111.000000 19.930000 
1112.000000 19.919000 
1113.000000 19.940000 
1114.000000 19.937000 
1115.000000 19.917000 
1116.000000 19.872000 
1117.000000 19.866000 
1118.000000 19.879000 
1119.000000 19.875000 
1120.000000 19.883000 
1121.000000 19.872000 
1122.000000 19.880000 
1123.000000 19.875000 
1124.000000 19.870000 
1125.000000 19.867000 
1126.000000 19.869000 
1127.000000 19.845000 
1128.000000 19.858000 
1129.000000 19.853000 
1130.000000 19.856000 
1131.000000 19.836000 
1132.000000 19.826000 
1133.000000 19.839000 
1134.000000 19.801000 
1135.000000 19.781000 
1136.000000 19.767000 
1137.000000 19.805000 
1138.000000 19.795000 
1139.000000 19.792000 
1140.000000 19.797000 
1141.000000 19.775000 
1142.000000 19.783000 
1143.000000 19.771000 
1144.000000 19.816000 
1145.000000 19.821000 
1146.000000 19.793000 
1147.000000 19.805000 
1148.000000 19.799000 
1149.000000 19.798000 
1150.000000 19.809000 
1151.000000 19.827000 
1152.000000 19.821000 
1153.000000 19.828000 
1154.000000 19.821000 
1155.000000 19.809000 
1156.000000 19.817000 
1157.000000 19.805000 
1158.000000 19.802000 
1159.000000 19.805000 
1160.000000 19.787000 
1161.000000 19.778000 
1162.000000 19.772000 
1163.000000 19.776000 
1164.000000 19.746000 
1165.000000 19.731000 
1166.000000 19.759000 
1167.000000 19.765000 
1168.000000 19.754000 
1169.000000 19.752000 
1170.000000 19.750000 
1171.000000 19.729000 
1172.000000 19.730000 
1173.000000 19.726000 
1174.000000 19.753000 
1175.000000 19.726000 
1176.000000 19.733000 
1177.000000 19.750000 
1178.000000 19.758000 
1179.000000 19.773000 
1180.000000 19.790000 
1181.000000 19.785000 
1182.000000 19.788000 
1183.000000 19.782000 
1184.000000 19.762000 
1185.000000 19.730000 
1186.000000 19.767000 
1187.000000 19.765000 
1188.000000 19.760000 
1189.000000 19.758000 
1190.000000 19.757000 
1191.000000 19.732000 
1192.000000 19.704000 
1193.000000 19.707000 
1194.000000 19.717000 
1195.000000 19.714000 
1196.000000 19.737000 
1197.000000 19.751000 
1198.000000 19.771000 
1199.000000 19.775000 
1200.000000 19.794000 
1201.000000 19.778000 
1202.000000 19.768000 
1203.000000 19.746000 
1204.000000 19.741000 
1205.000000 19.776000 
1206.000000 19.779000 
1207.000000 19.778000 
1208.000000 19.766000 
1209.000000 19.761000 
1210.000000 19.763000 
1211.000000 19.792000 
1212.000000 19.802000 
1213.000000 19.795000 
1214.000000 19.824000 
1215.000000 19.848000 
1216.000000 19.834000 
1217.000000 19.846000 
1218.000000 19.840000 
1219.000000 19.848000 
1220.000000 19.849000 
1221.000000 19.833000 
1222.000000 19.847000 
1223.000000 19.852000 
1224.000000 19.858000 
1225.000000 19.850000 
1226.000000 19.832000 
1227.000000 19.838000 
1228.000000 19.813000 
1229.000000 19.822000 
1230.000000 19.832000 
1231.000000 19.802000 
1232.000000 19.799000 
1233.000000 19.790000 
1234.000000 19.800000 
1235.000000 19.788000 
1236.000000 19.789000 
1237.000000 19.795000 
1238.000000 19.800000 
1239.000000 19.790000 
1240.000000 19.785000 
1241.000000 19.772000 
1242.000000 19.772000 
1243.000000 19.811000 
1244.000000 19.812000 
1245.000000 19.815000 
1246.000000 19.820000 
1247.000000 19.822000 
1248.000000 19.826000 
1249.000000 19.831000 
1250.000000 19.828000 
1251.000000 19.831000 
1252.000000 19.811000 
1253.000000 19.815000 
1254.000000 19.851000 
1255.000000 19.839000 
1256.000000 19.816000 
1257.000000 19.804000 
1258.000000 19.821000 
1259.000000 19.798000 
1260.000000 19.819000 
1261.000000 19.824000 
1262.000000 19.809000 
1263.000000 19.813000 
1264.000000 19.819000 
1265.000000 19.807000 
1266.000000 19.832000 
1267.000000 19.852000 
1268.000000 19.859000 
1269.000000 19.839000 
1270.000000 19.836000 
1271.000000 19.849000 
1272.000000 19.802000 
1273.000000 19.819000 
1274.000000 19.801000 
1275.000000 19.816000 
1276.000000 19.809000 
1277.000000 19.809000 
1278.000000 19.799000 
1279.000000 19.803000 
1280.000000 19.804000 
1281.000000 19.795000 
1282.000000 19.777000 
1283.000000 19.790000 
1284.000000 19.816000 
1285.000000 19.818000 
1286.000000 19.809000 
1287.000000 19.833000 
1288.000000 19.847000 
1289.000000 19.825000 
1290.000000 19.829000 
1291.000000 19.800000 
1292.000000 19.816000 
1293.000000 19.812000 
1294.000000 19.823000 
1295.000000 19.832000 
1296.000000 19.814000 
1297.000000 19.806000 
1298.000000 19.801000 
1299.000000 19.811000 
1300.000000 19.803000 
1301.000000 19.790000 
1302.000000 19.784000 
1303.000000 19.804000 
1304.000000 19.791000 
1305.000000 19.802000 
1306.000000 19.791000 
1307.000000 19.773000 
1308.000000 19.790000 
1309.000000 19.781000 
1310.000000 19.817000 
1311.000000 19.786000 
1312.000000 19.774000 
1313.000000 19.776000 
1314.000000 19.757000 
1315.000000 19.759000 
1316.000000 19.763000 
1317.000000 19.772000 
1318.000000 19.770000 
1319.000000 19.799000 
1320.000000 19.779000 
1321.000000 19.775000 
1322.000000 19.756000 
1323.000000 19.748000 
1324.000000 19.745000 
1325.000000 19.780000 
1326.000000 19.792000 
1327.000000 19.792000 
1328.000000 19.783000 
1329.000000 19.787000 
1330.000000 19.791000 
1331.000000 19.805000 
1332.000000 19.791000 
1333.000000 19.781000 
1334.000000 19.775000 
1335.000000 19.780000 
1336.000000 19.766000 
1337.000000 19.754000 
1338.000000 19.762000 
1339.000000 19.763000 
1340.000000 19.756000 
1341.000000 19.752000 
1342.000000 19.758000 
1343.000000 19.745000 
1344.000000 19.722000 
1345.000000 19.719000 
1346.000000 19.732000 
1347.000000 19.720000 
1348.000000 19.716000 
1349.000000 19.702000 
1350.000000 19.694000 
1351.000000 19.687000 
1352.000000 19.666000 
1353.000000 19.686000 
1354.000000 19.696000 
1355.000000 19.713000 
1356.000000 19.712000 
1357.000000 19.695000 
1358.000000 19.714000 
1359.000000 19.695000 
1360.000000 19.703000 
1361.000000 19.691000 
1362.000000 19.688000 
1363.000000 19.698000 
1364.000000 19.684000 
1365.000000 19.680000 
1366.000000 19.688000 
1367.000000 19.702000 
1368.000000 19.710000 
1369.000000 19.706000 
1370.000000 19.713000 
1371.000000 19.722000 
1372.000000 19.726000 
1373.000000 19.752000 
1374.000000 19.758000 
1375.000000 19.764000 
1376.000000 19.772000 
1377.000000 19.759000 
1378.000000 19.745000 
1379.000000 19.752000 
1380.000000 19.770000 
1381.000000 19.726000 
1382.000000 19.748000 
1383.000000 19.741000 
1384.000000 19.748000 
1385.000000 19.748000 
1386.000000 19.748000 
1387.000000 19.719000 
1388.000000 19.723000 
1389.000000 19.739000 
1390.000000 19.738000 
1391.000000 19.738000 
1392.000000 19.719000 
1393.000000 19.729000 
1394.000000 19.767000 
1395.000000 19.730000 
1396.000000 19.726000 
1397.000000 19.719000 
1398.000000 19.732000 
1399.000000 19.756000 
1400.000000 19.781000 
1401.000000 19.789000 
1402.000000 19.807000 
1403.000000 19.796000 
1404.000000 19.792000 
1405.000000 19.806000 
1406.000000 19.813000 
1407.000000 19.836000 
1408.000000 19.832000 
1409.000000 19.816000 
1410.000000 19.798000 
1411.000000 19.766000 
1412.000000 19.781000 
1413.000000 19.783000 
1414.000000 19.802000 
1415.000000 19.808000 
1416.000000 19.808000 
1417.000000 19.818000 
1418.000000 19.816000 
1419.000000 19.837000 
1420.000000 19.837000 
1421.000000 19.834000 
1422.000000 19.854000 
1423.000000 19.823000 
1424.000000 19.816000 
1425.000000 19.839000 
1426.000000 19.844000 
1427.000000 19.834000 
1428.000000 19.845000 
1429.000000 19.825000 
1430.000000 19.810000 
1431.000000 19.809000 
1432.000000 19.821000 
1433.000000 19.810000 
1434.000000 19.795000 
1435.000000 19.799000 
1436.000000 19.795000 
1437.000000 19.767000 
1438.000000 19.769000 
1439.000000 19.791000 
1440.000000 19.791000 
1441.000000 19.784000 
1442.000000 19.787000 
1443.000000 19.777000 
1444.000000 19.739000 
1445.000000 19.719000 
1446.000000 19.711000 
1447.000000 19.702000 
1448.000000 19.701000 
1449.000000 19.675000 
1450.000000 19.677000 
1451.000000 19.702000 
1452.000000 19.690000 
1453.000000 19.693000 
1454.000000 19.696000 
1455.000000 19.692000 
1456.000000 19.707000 
1457.000000 19.724000 
1458.000000 19.713000 
1459.000000 19.728000 
1460.000000 19.720000 
1461.000000 19.724000 
1462.000000 19.732000 
1463.000000 19.720000 
1464.000000 19.733000 
1465.000000 19.709000 
1466.000000 19.736000 
1467.000000 19.723000 
1468.000000 19.716000 
1469.000000 19.708000 
1470.000000 19.696000 
1471.000000 19.697000 
1472.000000 19.676000 
1473.000000 19.666000 
1474.000000 19.685000 
1475.000000 19.698000 
1476.000000 19.671000 
1477.000000 19.660000 
1478.000000 19.643000 
1479.000000 19.647000 
1480.000000 19.653000 
1481.000000 19.648000 
1482.000000 19.644000 
1483.000000 19.640000 
1484.000000 19.626000 
1485.000000 19.615000 
1486.000000 19.624000 
1487.000000 19.616000 
1488.000000 19.609000 
1489.000000 19.621000 
1490.000000 19.601000 
1491.000000 19.599000 
1492.000000 19.613000 
1493.000000 19.596000 
1494.000000 19.583000 
1495.000000 19.597000 
1496.000000 19.605000 
1497.000000 19.619000 
1498.000000 19.623000 
1499.000000 19.641000 
1500.000000 19.669000 
1501.000000 19.677000 
1502.000000 19.710000 
1503.000000 19.728000 
1504.000000 19.719000 
1505.000000 19.701000 
1506.000000 19.691000 
1507.000000 19.696000 
1508.000000 19.720000 
1509.000000 19.739000 
1510.000000 19.741000 
1511.000000 19.719000 
1512.000000 19.734000 
1513.000000 19.732000 
1514.000000 19.731000 
1515.000000 19.715000 
1516.000000 19.726000 
1517.000000 19.744000 
1518.000000 19.745000 
1519.000000 19.799000 
1520.000000 19.810000 
1521.000000 19.826000 
1522.000000 19.800000 
1523.000000 19.759000 
1524.000000 19.759000 
1525.000000 19.785000 
1526.000000 19.771000 
1527.000000 19.787000 
1528.000000 19.796000 
1529.000000 19.811000 
1530.000000 19.800000 
1531.000000 19.820000 
1532.000000 19.846000 
1533.000000 19.842000 
1534.000000 19.842000 
1535.000000 19.836000 
1536.000000 19.869000 
1537.000000 19.873000 
1538.000000 19.880000 
1539.000000 19.851000 
1540.000000 19.842000 
1541.000000 19.840000 
1542.000000 19.823000 
1543.000000 19.841000 
1544.000000 19.851000 
1545.000000 19.841000 
1546.000000 19.836000 
1547.000000 19.819000 
1548.000000 19.808000 
1549.000000 19.834000 
1550.000000 19.849000 
1551.000000 19.839000 
1552.000000 19.850000 
1553.000000 19.866000 
1554.000000 19.870000 
1555.000000 19.888000 
1556.000000 19.910000 
1557.000000 19.924000 
1558.000000 19.927000 
1559.000000 19.934000 
1560.000000 19.923000 
1561.000000 19.891000 
1562.000000 19.914000 
1563.000000 19.909000 
1564.000000 19.921000 
1565.000000 19.925000 
1566.000000 19.922000 
1567.000000 19.904000 
1568.000000 19.902000 
1569.000000 19.952000 
1570.000000 19.953000 
1571.000000 19.954000 
1572.000000 19.960000 
1573.000000 19.940000 
1574.000000 19.937000 
1575.000000 19.929000 
1576.000000 19.919000 
1577.000000 19.892000 
1578.000000 19.910000 
1579.000000 19.930000 
1580.000000 19.921000 
1581.000000 19.929000 
1582.000000 19.957000 
1583.000000 19.968000 
1584.000000 19.995000 
1585.000000 20.002000 
1586.000000 19.984000 
1587.000000 20.001000 
1588.000000 20.004000 
1589.000000 20.015000 
1590.000000 20.011000 
1591.000000 19.997000 
1592.000000 20.020000 
1593.000000 20.019000 
1594.000000 20.019000 
1595.000000 20.038000 
1596.000000 20.034000 
1597.000000 20.024000 
1598.000000 20.053000 
1599.000000 20.051000 
1600.000000 20.050000 
1601.000000 20.052000 
1602.000000 20.061000 
1603.000000 20.057000 
1604.000000 20.081000 
1605.000000 20.053000 
1606.000000 20.072000 
1607.000000 20.081000 
1608.000000 20.101000 
1609.000000 20.120000 
1610.000000 20.123000 
1611.000000 20.109000 
1612.000000 20.117000 
1613.000000 20.108000 
1614.000000 20.109000 
1615.000000 20.089000 
1616.000000 20.092000 
1617.000000 20.102000 
1618.000000 20.118000 
1619.000000 20.107000 
1620.000000 20.110000 
1621.000000 20.126000 
1622.000000 20.128000 
1623.000000 20.146000 
1624.000000 20.159000 
1625.000000 20.151000 
1626.000000 20.160000 
1627.000000 20.159000 
1628.000000 20.135000 
1629.000000 20.140000 
1630.000000 20.131000 
1631.000000 20.122000 
1632.000000 20.123000 
1633.000000 20.126000 
1634.000000 20.172000 
1635.000000 20.170000 
1636.000000 20.180000 
1637.000000 20.203000 
1638.000000 20.177000 
1639.000000 20.196000 
1640.000000 20.194000 
1641.000000 20.190000 
1642.000000 20.208000 
1643.000000 20.206000 
1644.000000 20.181000 
1645.000000 20.200000 
1646.000000 20.195000 
1647.000000 20.185000 
1648.000000 20.172000 
1649.000000 20.127000 
1650.000000 20.138000 
1651.000000 20.150000 
1652.000000 20.147000 
1653.000000 20.139000 
1654.000000 20.143000 
1655.000000 20.117000 
1656.000000 20.115000 
1657.000000 20.123000 
1658.000000 20.085000 
1659.000000 20.086000 
1660.000000 20.101000 
1661.000000 20.110000 
1662.000000 20.091000 
1663.000000 20.082000 
1664.000000 20.083000 
1665.000000 20.084000 
1666.000000 20.055000 
1667.000000 20.071000 
1668.000000 20.046000 
1669.000000 20.036000 
1670.000000 20.028000 
1671.000000 20.035000 
1672.000000 19.995000 
1673.000000 20.013000 
1674.000000 19.995000 
1675.000000 19.989000 
1676.000000 19.982000 
1677.000000 19.981000 
1678.000000 19.977000 
1679.000000 19.967000 
1680.000000 19.983000 
1681.000000 19.959000 
1682.000000 19.964000 
1683.000000 19.974000 
1684.000000 19.971000 
1685.000000 19.987000 
1686.000000 20.005000 
1687.000000 19.985000 
1688.000000 19.990000 
1689.000000 19.993000 
1690.000000 20.008000 
1691.000000 20.008000 
1692.000000 20.011000 
1693.000000 20.011000 
1694.000000 20.024000 
1695.000000 20.055000 
1696.000000 20.055000 
1697.000000 20.051000 
1698.000000 20.031000 
1699.000000 20.045000 
1700.000000 20.056000 
1701.000000 20.044000 
1702.000000 20.041000 
1703.000000 20.028000 
1704.000000 20.024000 
1705.000000 20.016000 
1706.000000 20.000000 
1707.000000 20.006000 
1708.000000 20.010000 
1709.000000 20.025000 
1710.000000 20.014000 
1711.000000 20.015000 
1712.000000 20.018000 
1713.000000 20.041000 
1714.000000 20.050000 
1715.000000 20.027000 
1716.000000 20.016000 
1717.000000 20.025000 
1718.000000 20.032000 
1719.000000 20.044000 
1720.000000 20.034000 
1721.000000 20.021000 
1722.000000 19.999000 
1723.000000 19.991000 
1724.000000 19.983000 
1725.000000 19.974000 
1726.000000 19.970000 
1727.000000 19.982000 
1728.000000 19.971000 
1729.000000 19.953000 
1730.000000 19.957000 
1731.000000 19.954000 
1732.000000 19.956000 
1733.000000 19.966000 
1734.000000 19.982000 
1735.000000 19.989000 
1736.000000 19.975000 
1737.000000 19.977000 
1738.000000 19.991000 
1739.000000 20.010000 
1740.000000 20.020000 
1741.000000 20.010000 
1742.000000 20.024000 
1743.000000 20.021000 
1744.000000 20.022000 
1745.000000 20.061000 
1746.000000 20.060000 
1747.000000 20.042000 
1748.000000 20.069000 
1749.000000 20.079000 
1750.000000 20.106000 
1751.000000 20.128000 
1752.000000 20.134000 
1753.000000 20.154000 
1754.000000 20.135000 
1755.000000 20.150000 
1756.000000 20.149000 
1757.000000 20.164000 
1758.000000 20.174000 
1759.000000 20.173000 
1760.000000 20.139000 
1761.000000 20.149000 
1762.000000 20.157000 
1763.000000 20.190000 
1764.000000 20.207000 
1765.000000 20.212000 
1766.000000 20.192000 
1767.000000 20.191000 
1768.000000 20.188000 
1769.000000 20.173000 
1770.000000 20.193000 
1771.000000 20.185000 
1772.000000 20.171000 
1773.000000 20.134000 
1774.000000 20.138000 
1775.000000 20.127000 
1776.000000 20.141000 
1777.000000 20.133000 
1778.000000 20.132000 
1779.000000 20.173000 
1780.000000 20.162000 
1781.000000 20.157000 
1782.000000 20.159000 
1783.000000 20.154000 
1784.000000 20.163000 
1785.000000 20.171000 
1786.000000 20.166000 
1787.000000 20.187000 
1788.000000 20.171000 
1789.000000 20.173000 
1790.000000 20.180000 
1791.000000 20.173000 
1792.000000 20.179000 
1793.000000 20.176000 
1794.000000 20.187000 
1795.000000 20.193000 
1796.000000 20.187000 
1797.000000 20.192000 
1798.000000 20.184000 
1799.000000 20.176000 
1800.000000 20.175000 
1801.000000 20.182000 
1802.000000 20.207000 
1803.000000 20.157000 
1804.000000 20.140000 
1805.000000 20.150000 
1806.000000 20.151000 
1807.000000 20.138000 
1808.000000 20.137000 
1809.000000 20.128000 
1810.000000 20.108000 
1811.000000 20.072000 
1812.000000 20.047000 
1813.000000 20.068000 
1814.000000 20.070000 
1815.000000 20.058000 
1816.000000 20.074000 
1817.000000 20.084000 
1818.000000 20.068000 
1819.000000 20.059000 
1820.000000 20.067000 
1821.000000 20.085000 
1822.000000 20.055000 
1823.000000 20.067000 
1824.000000 20.070000 
1825.000000 20.081000 
1826.000000 20.094000 
1827.000000 20.106000 
1828.000000 20.100000 
1829.000000 20.092000 
1830.000000 20.087000 
1831.000000 20.076000 
1832.000000 20.050000 
1833.000000 20.043000 
1834.000000 20.032000 
1835.000000 20.018000 
1836.000000 20.031000 
1837.000000 20.022000 
1838.000000 20.017000 
1839.000000 20.031000 
1840.000000 19.998000 
1841.000000 19.997000 
1842.000000 20.001000 
1843.000000 19.977000 
1844.000000 19.973000 
1845.000000 19.966000 
1846.000000 19.951000 
1847.000000 19.945000 
1848.000000 19.967000 
1849.000000 19.959000 
1850.000000 19.964000 
1851.000000 19.977000 
1852.000000 19.979000 
1853.000000 19.970000 
1854.000000 19.966000 
1855.000000 19.967000 
1856.000000 19.941000 
1857.000000 19.940000 
1858.000000 19.956000 
1859.000000 19.956000 
1860.000000 19.943000 
1861.000000 19.963000 
1862.000000 19.958000 
1863.000000 19.988000 
1864.000000 19.947000 
1865.000000 19.956000 
1866.000000 19.947000 
1867.000000 19.981000 
1868.000000 20.003000 
1869.000000 19.988000 
1870.000000 19.970000 
1871.000000 19.983000 
1872.000000 20.014000 
1873.000000 19.995000 
1874.000000 19.994000 
1875.000000 19.963000 
1876.000000 19.962000 
1877.000000 19.943000 
1878.000000 19.940000 
1879.000000 19.930000 
1880.000000 19.952000 
1881.000000 19.951000 
1882.000000 19.921000 
1883.000000 19.937000 
1884.000000 19.948000 
1885.000000 19.935000 
1886.000000 19.955000 
1887.000000 19.949000 
1888.000000 19.930000 
1889.000000 19.943000 
1890.000000 19.939000 
1891.000000 19.927000 
1892.000000 19.926000 
1893.000000 19.915000 
1894.000000 19.918000 
1895.000000 19.934000 
1896.000000 19.907000 
1897.000000 19.904000 
1898.000000 19.905000 
1899.000000 19.905000 
1900.000000 19.923000 
1901.000000 19.908000 
1902.000000 19.920000 
1903.000000 19.908000 
1904.000000 19.918000 
1905.000000 19.925000 
1906.000000 19.917000 
1907.000000 19.936000 
1908.000000 19.959000 
1909.000000 19.961000 
1910.000000 19.960000 
1911.000000 19.966000 
1912.000000 19.973000 
1913.000000 19.953000 
1914.000000 19.938000 
1915.000000 19.914000 
1916.000000 19.927000 
1917.000000 19.931000 
1918.000000 19.928000 
1919.000000 19.916000 
1920.000000 19.934000 
1921.000000 19.938000 
1922.000000 19.914000 
1923.000000 19.899000 
1924.000000 19.899000 
1925.000000 19.896000 
1926.000000 19.887000 
1927.000000 19.887000 
1928.000000 19.878000 
1929.000000 19.894000 
1930.000000 19.871000 
1931.000000 19.890000 
1932.000000 19.899000 
1933.000000 19.917000 
1934.000000 19.931000 
1935.000000 19.955000 
1936.000000 19.928000 
1937.000000 19.926000 
1938.000000 19.931000 
1939.000000 19.948000 
1940.000000 19.931000 
1941.000000 19.921000 
1942.000000 19.929000 
1943.000000 19.960000 
1944.000000 19.946000 
1945.000000 19.982000 
1946.000000 19.997000 
1947.000000 20.007000 
1948.000000 20.018000 
1949.000000 19.980000 
1950.000000 19.999000 
1951.000000 20.022000 
1952.000000 20.048000 
1953.000000 20.074000 
1954.000000 20.075000 
1955.000000 20.082000 
1956.000000 20.057000 
1957.000000 20.028000 
1958.000000 20.034000 
1959.000000 20.052000 
1960.000000 20.045000 
1961.000000 20.067000 
1962.000000 20.062000 
1963.000000 20.030000 
1964.000000 20.043000 
1965.000000 20.042000 
1966.000000 20.061000 
1967.000000 20.037000 
1968.000000 20.036000 
1969.000000 20.045000 
1970.000000 20.037000 
1971.000000 20.028000 
1972.000000 20.037000 
1973.000000 20.016000 
1974.000000 20.022000 
1975.000000 20.038000 
1976.000000 20.060000 
1977.000000 20.075000 
1978.000000 20.093000 
1979.000000 20.090000 
1980.000000 20.078000 
1981.000000 20.083000 
1982.000000 20.089000 
1983.000000 20.106000 
1984.000000 20.108000 
1985.000000 20.090000 
1986.000000 20.077000 
1987.000000 20.096000 
1988.000000 20.101000 
1989.000000 20.092000 
1990.000000 20.075000 
1991.000000 20.080000 
1992.000000 20.085000 
1993.000000 20.090000 
1994.000000 20.086000 
1995.000000 20.090000 
1996.000000 20.087000 
1997.000000 20.066000 
1998.000000 20.053000 
1999.000000 20.059000 
2000.000000 20.075000 
2001.000000 20.067000 
2002.000000 20.084000 
2003.000000 20.079000 
2004.000000 20.072000 
2005.000000 20.056000 
2006.000000 20.085000 
2007.000000 20.081000 
2008.000000 20.073000 
2009.000000 20.079000 
2010.000000 20.083000 
2011.000000 20.078000 
2012.000000 20.077000 
2013.000000 20.088000 
2014.000000 20.088000 
2015.000000 20.100000 
2016.000000 20.093000 
2017.000000 20.111000 
2018.000000 20.127000 
2019.000000 20.124000 
2020.000000 20.156000 
2021.000000 20.151000 
2022.000000 20.164000 
2023.000000 20.191000 
2024.000000 20.151000 
2025.000000 20.138000 
2026.000000 20.112000 
2027.000000 20.110000 
2028.000000 20.118000 
2029.000000 20.157000 
2030.000000 20.167000 
2031.000000 20.148000 
2032.000000 20.144000 
2033.000000 20.155000 
2034.000000 20.166000 
2035.000000 20.176000 
2036.000000 20.207000 
2037.000000 20.214000 
2038.000000 20.224000 
2039.000000 20.208000 
2040.000000 20.194000 
2041.000000 20.221000 
2042.000000 20.229000 
2043.000000 20.237000 
2044.000000 20.264000 
2045.000000 20.284000 
2046.000000 20.264000 
2047.000000 20.242000 
2048.000000 20.223000 
2049.000000 20.191000 
2050.000000 20.188000 
2051.000000 20.173000 
2052.000000 20.183000 
2053.000000 20.176000 
2054.000000 20.188000 
2055.000000 20.176000 
2056.000000 20.172000 
2057.000000 20.173000 
2058.000000 20.165000 
2059.000000 20.164000 
2060.000000 20.160000 
2061.000000 20.161000 
2062.000000 20.143000 
2063.000000 20.133000 
2064.000000 20.144000 
2065.000000 20.140000 
2066.000000 20.142000 
2067.000000 20.159000 
2068.000000 20.163000 
2069.000000 20.148000 
2070.000000 20.141000 
2071.000000 20.145000 
2072.000000 20.145000 
2073.000000 20.179000 
2074.000000 20.175000 
2075.000000 20.198000 
2076.000000 20.216000 
2077.000000 20.265000 
2078.000000 20.264000 
2079.000000 20.249000 
2080.000000 20.257000 
2081.000000 20.287000 
2082.000000 20.283000 
2083.000000 20.265000 
2084.000000 20.264000 
2085.000000 20.261000 
2086.000000 20.279000 
2087.000000 20.276000 
2088.000000 20.265000 
2089.000000 20.279000 
2090.000000 20.308000 
2091.000000 20.323000 
2092.000000 20.312000 
2093.000000 20.295000 
2094.000000 20.274000 
2095.000000 20.281000 
2096.000000 20.293000 
2097.000000 20.347000 
2098.000000 20.372000 
2099.000000 20.353000 
2100.000000 20.317000 
2101.000000 20.311000 
2102.000000 20.294000 
2103.000000 20.259000 
2104.000000 20.254000 
2105.000000 20.226000 
2106.000000 20.218000 
2107.000000 20.208000 
2108.000000 20.217000 
2109.000000 20.228000 
2110.000000 20.229000 
2111.000000 20.220000 
2112.000000 20.221000 
2113.000000 20.232000 
2114.000000 20.221000 
2115.000000 20.230000 
2116.000000 20.227000 
2117.000000 20.234000 
2118.000000 20.238000 
2119.000000 20.240000 
2120.000000 20.240000 
2121.000000 20.228000 
2122.000000 20.228000 
2123.000000 20.237000 
2124.000000 20.232000 
2125.000000 20.249000 
2126.000000 20.257000 
2127.000000 20.265000 
2128.000000 20.279000 
2129.000000 20.297000 
2130.000000 20.277000 
2131.000000 20.257000 
2132.000000 20.248000 
2133.000000 20.247000 
2134.000000 20.229000 
2135.000000 20.241000 
2136.000000 20.226000 
2137.000000 20.210000 
2138.000000 20.193000 
2139.000000 20.194000 
2140.000000 20.174000 
2141.000000 20.173000 
2142.000000 20.177000 
2143.000000 20.169000 
2144.000000 20.176000 
2145.000000 20.202000 
2146.000000 20.212000 
2147.000000 20.213000 
2148.000000 20.176000 
2149.000000 20.150000 
2150.000000 20.148000 
2151.000000 20.143000 
2152.000000 20.158000 
2153.000000 20.178000 
2154.000000 20.179000 
2155.000000 20.174000 
2156.000000 20.180000 
2157.000000 20.162000 
2158.000000 20.147000 
2159.000000 20.161000 
2160.000000 20.154000 
2161.000000 20.165000 
2162.000000 20.187000 
2163.000000 20.180000 
2164.000000 20.162000 
2165.000000 20.159000 
2166.000000 20.146000 
2167.000000 20.150000 
2168.000000 20.131000 
2169.000000 20.157000 
2170.000000 20.168000 
2171.000000 20.180000 
2172.000000 20.178000 
2173.000000 20.179000 
2174.000000 20.175000 
2175.000000 20.179000 
2176.000000 20.165000 
2177.000000 20.157000 
2178.000000 20.147000 
2179.000000 20.113000 
2180.000000 20.079000 
2181.000000 20.048000 
2182.000000 20.039000 
2183.000000 20.040000 
2184.000000 20.031000 
2185.000000 20.026000 
2186.000000 20.013000 
2187.000000 20.013000 
2188.000000 20.024000 
2189.000000 20.041000 
2190.000000 20.058000 
2191.000000 20.080000 
2192.000000 20.090000 
2193.000000 20.094000 
2194.000000 20.083000 
2195.000000 20.103000 
2196.000000 20.105000 
2197.000000 20.112000 
2198.000000 20.075000 
2199.000000 20.082000 
2200.000000 20.074000 
2201.000000 20.056000 
2202.000000 20.030000 
2203.000000 20.035000 
2204.000000 20.029000 
2205.000000 20.030000 
2206.000000 20.052000 
2207.000000 20.053000 
2208.000000 20.030000 
2209.000000 20.037000 
2210.000000 20.054000 
2211.000000 20.075000 
2212.000000 20.085000 
2213.000000 20.092000 
2214.000000 20.083000 
2215.000000 20.107000 
2216.000000 20.090000 
2217.000000 20.107000 
2218.000000 20.107000 
2219.000000 20.147000 
2220.000000 20.149000 
2221.000000 20.140000 
2222.000000 20.141000 
2223.000000 20.140000 
2224.000000 20.141000 
2225.000000 20.123000 
2226.000000 20.094000 
2227.000000 20.102000 
2228.000000 20.097000 
2229.000000 20.092000 
2230.000000 20.103000 
2231.000000 20.085000 
2232.000000 20.092000 
2233.000000 20.098000 
2234.000000 20.128000 
2235.000000 20.112000 
2236.000000 20.126000 
2237.000000 20.139000 
2238.000000 20.141000 
2239.000000 20.141000 
2240.000000 20.132000 
2241.000000 20.131000 
2242.000000 20.144000 
2243.000000 20.142000 
2244.000000 20.128000 
2245.000000 20.107000 
2246.000000 20.097000 
2247.000000 20.093000 
2248.000000 20.065000 
2249.000000 20.063000 
2250.000000 20.076000 
2251.000000 20.078000 
2252.000000 20.075000 
2253.000000 20.066000 
2254.000000 20.089000 
2255.000000 20.086000 
2256.000000 20.098000 
2257.000000 20.107000 
2258.000000 20.111000 
2259.000000 20.122000 
2260.000000 20.109000 
2261.000000 20.131000 
2262.000000 20.133000 
2263.000000 20.151000 
2264.000000 20.154000 
2265.000000 20.138000 
2266.000000 20.142000 
2267.000000 20.148000 
2268.000000 20.125000 
2269.000000 20.112000 
2270.000000 20.105000 
2271.000000 20.099000 
2272.000000 20.104000 
2273.000000 20.120000 
2274.000000 20.132000 
2275.000000 20.146000 
2276.000000 20.161000 
2277.000000 20.156000 
2278.000000 20.143000 
2279.000000 20.129000 
2280.000000 20.135000 
2281.000000 20.143000 
2282.000000 20.150000 
2283.000000 20.159000 
2284.000000 20.173000 
2285.000000 20.155000 
2286.000000 20.151000 
2287.000000 20.130000 
2288.000000 20.112000 
2289.000000 20.126000 
2290.000000 20.115000 
2291.000000 20.124000 
2292.000000 20.147000 
2293.000000 20.117000 
2294.000000 20.094000 
2295.000000 20.082000 
2296.000000 20.076000 
2297.000000 20.083000 
2298.000000 20.065000 
2299.000000 20.066000 
2300.000000 20.082000 
2301.000000 20.076000 
2302.000000 20.104000 
2303.000000 20.074000 
2304.000000 20.061000 
2305.000000 20.057000 
2306.000000 20.069000 
2307.000000 20.090000 
2308.000000 20.096000 
2309.000000 20.083000 
2310.000000 20.085000 
2311.000000 20.083000 
2312.000000 20.093000 
2313.000000 20.078000 
2314.000000 20.069000 
2315.000000 20.077000 
2316.000000 20.082000 
2317.000000 20.083000 
2318.000000 20.062000 
2319.000000 20.044000 
2320.000000 20.059000 
2321.000000 20.039000 
2322.000000 20.023000 
2323.000000 20.022000 
2324.000000 20.020000 
2325.000000 20.015000 
2326.000000 20.034000 
2327.000000 20.029000 
2328.000000 20.020000 
2329.000000 20.026000 
2330.000000 20.043000 
2331.000000 20.022000 
2332.000000 20.015000 
2333.000000 20.009000 
2334.000000 20.044000 
2335.000000 20.061000 
2336.000000 20.004000 
2337.000000 20.011000 
2338.000000 20.009000 
2339.000000 20.021000 
2340.000000 20.038000 
2341.000000 20.071000 
2342.000000 20.068000 
2343.000000 20.077000 
2344.000000 20.093000 
2345.000000 20.058000 
2346.000000 20.044000 
2347.000000 20.048000 
2348.000000 20.031000 
2349.000000 20.013000 
2350.000000 20.050000 
2351.000000 20.054000 
2352.000000 20.048000 
2353.000000 20.036000 
2354.000000 20.047000 
2355.000000 20.032000 
2356.000000 20.076000 
2357.000000 20.069000 
2358.000000 20.063000 
2359.000000 20.040000 
2360.000000 20.048000 
2361.000000 20.034000 
2362.000000 20.025000 
2363.000000 20.023000 
2364.000000 20.017000 
2365.000000 20.007000 
2366.000000 19.991000 
2367.000000 19.982000 
2368.000000 19.998000 
2369.000000 20.016000 
2370.000000 20.012000 
2371.000000 20.007000 
2372.000000 20.005000 
2373.000000 19.999000 
2374.000000 19.985000 
2375.000000 19.979000 
2376.000000 19.974000 
2377.000000 19.964000 
2378.000000 19.974000 
2379.000000 19.939000 
2380.000000 19.925000 
2381.000000 19.907000 
2382.000000 19.897000 
2383.000000 19.898000 
2384.000000 19.874000 
2385.000000 19.849000 
2386.000000 19.819000 
2387.000000 19.803000 
2388.000000 19.812000 
2389.000000 19.836000 
2390.000000 19.834000 
2391.000000 19.846000 
2392.000000 19.849000 
2393.000000 19.854000 
2394.000000 19.852000 
2395.000000 19.843000 
2396.000000 19.837000 
2397.000000 19.871000 
2398.000000 19.893000 
2399.000000 19.903000 
2400.000000 19.896000 
2401.000000 19.919000 
2402.000000 19.918000 
2403.000000 19.939000 
2404.000000 19.937000 
2405.000000 19.941000 
2406.000000 19.936000 
2407.000000 19.912000 
2408.000000 19.897000 
2409.000000 19.892000 
2410.000000 19.894000 
2411.000000 19.912000 
2412.000000 19.925000 
2413.000000 19.921000 
2414.000000 19.902000 
2415.000000 19.895000 
2416.000000 19.916000 
2417.000000 19.934000 
2418.000000 19.955000 
2419.000000 19.965000 
2420.000000 19.966000 
2421.000000 19.970000 
2422.000000 19.952000 
2423.000000 19.975000 
2424.000000 19.954000 
2425.000000 19.965000 
2426.000000 19.947000 
2427.000000 19.961000 
2428.000000 19.974000 
2429.000000 19.974000 
2430.000000 19.966000 
2431.000000 19.940000 
2432.000000 19.951000 
2433.000000 19.981000 
2434.000000 19.986000 
2435.000000 19.988000 
2436.000000 19.979000 
2437.000000 19.961000 
2438.000000 19.978000 
2439.000000 19.972000 
2440.000000 19.977000 
2441.000000 19.982000 
2442.000000 19.977000 
2443.000000 19.975000 
2444.000000 19.995000 
2445.000000 20.030000 
2446.000000 20.036000 
2447.000000 20.038000 
2448.000000 20.055000 
2449.000000 20.077000 
2450.000000 20.101000 
2451.000000 20.071000 
2452.000000 20.059000 
2453.000000 20.060000 
2454.000000 20.061000 
2455.000000 20.055000 
2456.000000 20.048000 
2457.000000 20.043000 
2458.000000 20.060000 
2459.000000 20.035000 
2460.000000 20.021000 
2461.000000 20.030000 
2462.000000 20.051000 
2463.000000 20.050000 
2464.000000 20.053000 
2465.000000 20.045000 
2466.000000 20.043000 
2467.000000 20.023000 
2468.000000 20.030000 
2469.000000 20.037000 
2470.000000 20.031000 
2471.000000 19.982000 
2472.000000 19.972000 
2473.000000 19.962000 
2474.000000 19.985000 
2475.000000 19.982000 
2476.000000 19.988000 
2477.000000 20.006000 
2478.000000 20.024000 
2479.000000 20.024000 
2480.000000 20.050000 
2481.000000 20.039000 
2482.000000 20.055000 
2483.000000 20.062000 
2484.000000 20.053000 
2485.000000 20.066000 
2486.000000 20.081000 
2487.000000 20.062000 
2488.000000 20.022000 
2489.000000 20.033000 
2490.000000 20.061000 
2491.000000 20.050000 
2492.000000 20.052000 
2493.000000 20.055000 
2494.000000 20.033000 
2495.000000 20.030000 
2496.000000 20.043000 
2497.000000 20.056000 
2498.000000 20.059000 
2499.000000 20.047000 
2500.000000 20.045000 
2501.000000 20.048000 
2502.000000 20.045000 
2503.000000 20.014000 
2504.000000 20.026000 
2505.000000 20.019000 
2506.000000 20.029000 
2507.000000 20.026000 
2508.000000 20.002000 
2509.000000 19.992000 
2510.000000 20.014000 
2511.000000 20.027000 
2512.000000 20.027000 
2513.000000 20.028000 
2514.000000 20.009000 
2515.000000 20.015000 
2516.000000 20.007000 
2517.000000 20.006000 
2518.000000 19.977000 
2519.000000 19.950000 
2520.000000 19.964000 
2521.000000 19.963000 
2522.000000 19.961000 
2523.000000 19.969000 
2524.000000 19.951000 
2525.000000 19.917000 
2526.000000 19.910000 
2527.000000 19.906000 
2528.000000 19.929000 
2529.000000 19.944000 
2530.000000 19.931000 
2531.000000 19.949000 
2532.000000 19.938000 
2533.000000 19.919000 
2534.000000 19.935000 
2535.000000 19.958000 
2536.000000 19.956000 
2537.000000 19.943000 
2538.000000 19.957000 
2539.000000 19.972000 
2540.000000 19.958000 
2541.000000 19.956000 
2542.000000 19.977000 
2543.000000 19.976000 
2544.000000 19.968000 
2545.000000 19.970000 
2546.000000 19.957000 
2547.000000 19.944000 
2548.000000 19.924000 
2549.000000 19.945000 
2550.000000 19.971000 
2551.000000 19.983000 
2552.000000 19.955000 
2553.000000 19.960000 
2554.000000 19.942000 
2555.000000 19.944000 
2556.000000 19.940000 
2557.000000 19.910000 
2558.000000 19.907000 
2559.000000 19.932000 
2560.000000 19.934000 
2561.000000 19.930000 
2562.000000 19.951000 
2563.000000 19.968000 
2564.000000 19.983000 
2565.000000 19.971000 
2566.000000 19.944000 
2567.000000 19.944000 
2568.000000 19.955000 
2569.000000 19.923000 
2570.000000 19.938000 
2571.000000 19.937000 
2572.000000 19.973000 
2573.000000 19.984000 
2574.000000 19.967000 
2575.000000 19.956000 
2576.000000 19.975000 
2577.000000 19.979000 
2578.000000 19.984000 
2579.000000 19.996000 
2580.000000 20.004000 
2581.000000 19.987000 
2582.000000 19.991000 
2583.000000 20.004000 
2584.000000 19.990000 
2585.000000 20.013000 
2586.000000 20.024000 
2587.000000 20.011000 
2588.000000 20.009000 
2589.000000 19.997000 
2590.000000 20.008000 
2591.000000 19.995000 
2592.000000 19.994000 
2593.000000 20.024000 
2594.000000 20.013000 
2595.000000 20.022000 
2596.000000 20.015000 
2597.000000 19.999000 
2598.000000 19.997000 
2599.000000 20.008000 
2600.000000 20.019000 
2601.000000 20.034000 
2602.000000 20.029000 
2603.000000 20.045000 
2604.000000 20.042000 
2605.000000 20.040000 
2606.000000 20.059000 
2607.000000 20.061000 
2608.000000 20.082000 
2609.000000 20.094000 
2610.000000 20.081000 
2611.000000 20.074000 
2612.000000 20.058000 
2613.000000 20.057000 
2614.000000 20.053000 
2615.000000 20.066000 
2616.000000 20.094000 
2617.000000 20.102000 
2618.000000 20.111000 
2619.000000 20.116000 
2620.000000 20.123000 
2621.000000 20.121000 
2622.000000 20.139000 
2623.000000 20.144000 
2624.000000 20.135000 
2625.000000 20.149000 
2626.000000 20.174000 
2627.000000 20.189000 
2628.000000 20.192000 
2629.000000 20.173000 
2630.000000 20.184000 
2631.000000 20.198000 
2632.000000 20.213000 
2633.000000 20.209000 
2634.000000 20.223000 
2635.000000 20.203000 
2636.000000 20.181000 
2637.000000 20.154000 
2638.000000 20.165000 
2639.000000 20.179000 
2640.000000 20.182000 
2641.000000 20.169000 
2642.000000 20.188000 
2643.000000 20.181000 
2644.000000 20.173000 
2645.000000 20.187000 
2646.000000 20.169000 
2647.000000 20.152000 
2648.000000 20.135000 
2649.000000 20.124000 
2650.000000 20.130000 
2651.000000 20.138000 
2652.000000 20.129000 
2653.000000 20.112000 
2654.000000 20.127000 
2655.000000 20.144000 
2656.000000 20.151000 
2657.000000 20.126000 
2658.000000 20.089000 
2659.000000 20.090000 
2660.000000 20.084000 
2661.000000 20.068000 
2662.000000 20.083000 
2663.000000 20.082000 
2664.000000 20.057000 
2665.000000 20.066000 
2666.000000 20.049000 
2667.000000 20.038000 
2668.000000 20.026000 
2669.000000 20.051000 
2670.000000 20.081000 
2671.000000 20.082000 
2672.000000 20.082000 
2673.000000 20.066000 
2674.000000 20.068000 
2675.000000 20.032000 
2676.000000 20.017000 
2677.000000 19.996000 
2678.000000 19.988000 
2679.000000 19.990000 
2680.000000 20.000000 
2681.000000 19.990000 
2682.000000 19.981000 
2683.000000 19.980000 
2684.000000 19.964000 
2685.000000 19.984000 
2686.000000 20.009000 
2687.000000 20.006000 
2688.000000 20.006000 
2689.000000 19.989000 
2690.000000 19.995000 
2691.000000 20.039000 
2692.000000 20.049000 
2693.000000 20.059000 
2694.000000 20.058000 
2695.000000 20.051000 
2696.000000 20.026000 
2697.000000 20.007000 
2698.000000 20.019000 
2699.000000 20.025000 
2700.000000 20.022000 
2701.000000 20.027000 
2702.000000 20.023000 
2703.000000 20.003000 
2704.000000 20.003000 
2705.000000 20.010000 
2706.000000 20.024000 
2707.000000 20.025000 
2708.000000 20.042000 
2709.000000 20.068000 
2710.000000 20.070000 
2711.000000 20.072000 
2712.000000 20.076000 
2713.000000 20.093000 
2714.000000 20.077000 
2715.000000 20.074000 
2716.000000 20.068000 
2717.000000 20.069000 
2718.000000 20.079000 
2719.000000 20.082000 
2720.000000 20.087000 
2721.000000 20.100000 
2722.000000 20.136000 
2723.000000 20.136000 
2724.000000 20.145000 
2725.000000 20.120000 
2726.000000 20.089000 
2727.000000 20.074000 
2728.000000 20.094000 
2729.000000 20.091000 
2730.000000 20.070000 
2731.000000 20.082000 
2732.000000 20.075000 
2733.000000 20.085000 
2734.000000 20.098000 
2735.000000 20.098000 
2736.000000 20.100000 
2737.000000 20.100000 
2738.000000 20.099000 
2739.000000 20.102000 
2740.000000 20.096000 
2741.000000 20.091000 
2742.000000 20.092000 
2743.000000 20.079000 
2744.000000 20.074000 
2745.000000 20.055000 
2746.000000 20.042000 
2747.000000 20.022000 
2748.000000 20.019000 
2749.000000 19.986000 
2750.000000 19.952000 
2751.000000 19.955000 
2752.000000 19.980000 
2753.000000 19.998000 
2754.000000 20.019000 
2755.000000 19.996000 
2756.000000 19.979000 
2757.000000 19.963000 
2758.000000 19.986000 
2759.000000 19.993000 
2760.000000 19.987000 
2761.000000 19.986000 
2762.000000 19.978000 
2763.000000 19.989000 
2764.000000 19.972000 
2765.000000 19.987000 
2766.000000 19.991000 
2767.000000 19.989000 
2768.000000 20.024000 
2769.000000 20.007000 
2770.000000 20.031000 
2771.000000 20.048000 
2772.000000 20.072000 
2773.000000 20.080000 
2774.000000 20.090000 
2775.000000 20.082000 
2776.000000 20.075000 
2777.000000 20.058000 
2778.000000 20.059000 
2779.000000 20.051000 
2780.000000 20.055000 
2781.000000 20.067000 
2782.000000 20.092000 
2783.000000 20.093000 
2784.000000 20.102000 
2785.000000 20.109000 
2786.000000 20.122000 
2787.000000 20.112000 
2788.000000 20.102000 
2789.000000 20.083000 
2790.000000 20.088000 
2791.000000 20.075000 
2792.000000 20.081000 
2793.000000 20.087000 
2794.000000 20.097000 
2795.000000 20.069000 
2796.000000 20.065000 
2797.000000 20.069000 
2798.000000 20.047000 
2799.000000 20.036000 
2800.000000 20.050000 
2801.000000 20.042000 
2802.000000 20.051000 
2803.000000 20.031000 
2804.000000 20.040000 
2805.000000 20.016000 
2806.000000 20.037000 
2807.000000 20.051000 
2808.000000 20.059000 
2809.000000 20.069000 
2810.000000 20.065000 
2811.000000 20.075000 
2812.000000 20.052000 
2813.000000 20.039000 
2814.000000 20.041000 
2815.000000 20.016000 
2816.000000 20.019000 
2817.000000 19.999000 
2818.000000 20.032000 
2819.000000 20.037000 
2820.000000 20.044000 
2821.000000 20.073000 
2822.000000 20.086000 
2823.000000 20.054000 
2824.000000 20.068000 
2825.000000 20.062000 
2826.000000 20.052000 
2827.000000 20.029000 
2828.000000 20.013000 
2829.000000 20.018000 
2830.000000 20.015000 
2831.000000 20.002000 
2832.000000 20.020000 
2833.000000 20.000000 
2834.000000 19.996000 
2835.000000 19.998000 
2836.000000 19.972000 
2837.000000 19.985000 
2838.000000 19.976000 
2839.000000 19.992000 
2840.000000 19.989000 
2841.000000 19.986000 
2842.000000 19.972000 
2843.000000 19.991000 
2844.000000 19.986000 
2845.000000 19.967000 
2846.000000 19.921000 
2847.000000 19.928000 
2848.000000 19.919000 
2849.000000 19.945000 
2850.000000 19.937000 
2851.000000 19.930000 
2852.000000 19.940000 
2853.000000 19.944000 
2854.000000 19.932000 
2855.000000 19.909000 
2856.000000 19.914000 
2857.000000 19.934000 
2858.000000 19.933000 
2859.000000 19.927000 
2860.000000 19.941000 
2861.000000 19.920000 
2862.000000 19.907000 
2863.000000 19.923000 
2864.000000 19.926000 
2865.000000 19.933000 
2866.000000 19.936000 
2867.000000 19.926000 
2868.000000 19.931000 
2869.000000 19.899000 
2870.000000 19.885000 
2871.000000 19.902000 
2872.000000 19.881000 
2873.000000 19.888000 
2874.000000 19.860000 
2875.000000 19.854000 
2876.000000 19.828000 
2877.000000 19.861000 
2878.000000 19.870000 
2879.000000 19.876000 
2880.000000 19.858000 
2881.000000 19.843000 
2882.000000 19.839000 
2883.000000 19.834000 
2884.000000 19.847000 
2885.000000 19.850000 
2886.000000 19.836000 
2887.000000 19.823000 
2888.000000 19.809000 
2889.000000 19.806000 
2890.000000 19.811000 
2891.000000 19.810000 
2892.000000 19.796000 
2893.000000 19.791000 
2894.000000 19.791000 
2895.000000 19.798000 
2896.000000 19.797000 
2897.000000 19.806000 
2898.000000 19.812000 
2899.000000 19.804000 
2900.000000 19.835000 
2901.000000 19.840000 
2902.000000 19.854000 
2903.000000 19.832000 
2904.000000 19.862000 
2905.000000 19.883000 
2906.000000 19.886000 
2907.000000 19.884000 
2908.000000 19.874000 
2909.000000 19.872000 
2910.000000 19.873000 
2911.000000 19.896000 
2912.000000 19.889000 
2913.000000 19.890000 
2914.000000 19.877000 
2915.000000 19.884000 
2916.000000 19.871000 
2917.000000 19.864000 
2918.000000 19.901000 
2919.000000 19.902000 
2920.000000 19.918000 
2921.000000 19.904000 
2922.000000 19.860000 
2923.000000 19.845000 
2924.000000 19.851000 
2925.000000 19.840000 
2926.000000 19.867000 
2927.000000 19.864000 
2928.000000 19.841000 
2929.000000 19.862000 
2930.000000 19.864000 
2931.000000 19.852000 
2932.000000 19.868000 
2933.000000 19.874000 
2934.000000 19.882000 
2935.000000 19.862000 
2936.000000 19.861000 
2937.000000 19.881000 
2938.000000 19.892000 
2939.000000 19.903000 
2940.000000 19.931000 
2941.000000 19.920000 
2942.000000 19.926000 
2943.000000 19.917000 
2944.000000 19.913000 
2945.000000 19.904000 
2946.000000 19.918000 
2947.000000 19.892000 
2948.000000 19.913000 
2949.000000 19.905000 
2950.000000 19.916000 
2951.000000 19.920000 
2952.000000 19.901000 
2953.000000 19.903000 
2954.000000 19.891000 
2955.000000 19.923000 
2956.000000 19.957000 
2957.000000 19.984000 
2958.000000 19.999000 
2959.000000 19.995000 
2960.000000 19.966000 
2961.000000 19.961000 
2962.000000 19.940000 
2963.000000 19.926000 
2964.000000 19.922000 
2965.000000 19.912000 
2966.000000 19.882000 
2967.000000 19.879000 
2968.000000 19.873000 
2969.000000 19.880000 
2970.000000 19.877000 
2971.000000 19.875000 
2972.000000 19.890000 
2973.000000 19.898000 
2974.000000 19.910000 
2975.000000 19.881000 
2976.000000 19.898000 
2977.000000 19.882000 
2978.000000 19.871000 
2979.000000 19.851000 
2980.000000 19.873000 
2981.000000 19.865000 
2982.000000 19.876000 
2983.000000 19.882000 
2984.000000 19.888000 
2985.000000 19.893000 
2986.000000 19.891000 
2987.000000 19.885000 
2988.000000 19.858000 
2989.000000 19.856000 
2990.000000 19.885000 
2991.000000 19.900000 
2992.000000 19.896000 
2993.000000 19.871000 
2994.000000 19.878000 
2995.000000 19.889000 
2996.000000 19.892000 
2997.000000 19.899000 
2998.000000 19.868000 
2999.000000 19.848000 
