0.000000 1.000000 
1.000000 1.007000 
2.000000 1.023000 
3.000000 1.033000 
4.000000 1.047000 
5.000000 1.064000 
6.000000 1.082000 
7.000000 1.095000 
8.000000 1.110000 
9.000000 1.124000 
10.000000 1.143000 
11.000000 1.157000 
12.000000 1.174000 
13.000000 1.188000 
14.000000 1.199000 
15.000000 1.212000 
16.000000 1.223000 
17.000000 1.234000 
18.000000 1.251000 
19.000000 1.266000 
20.000000 1.281000 
21.000000 1.297000 
22.000000 1.313000 
23.000000 1.330000 
24.000000 1.350000 
25.000000 1.362000 
26.000000 1.381000 
27.000000 1.397000 
28.000000 1.415000 
29.000000 1.428000 
30.000000 1.446000 
31.000000 1.470000 
32.000000 1.486000 
33.000000 1.494000 
34.000000 1.514000 
35.000000 1.527000 
36.000000 1.544000 
37.000000 1.575000 
38.000000 1.598000 
39.000000 1.619000 
40.000000 1.639000 
41.000000 1.653000 
42.000000 1.672000 
43.000000 1.689000 
44.000000 1.702000 
45.000000 1.723000 
46.000000 1.744000 
47.000000 1.767000 
48.000000 1.789000 
49.000000 1.811000 
50.000000 1.829000 
51.000000 1.853000 
52.000000 1.870000 
53.000000 1.890000 
54.000000 1.907000 
55.000000 1.934000 
56.000000 1.951000 
57.000000 1.973000 
58.000000 1.983000 
59.000000 2.012000 
60.000000 2.041000 
61.000000 2.071000 
62.000000 2.095000 
63.000000 2.122000 
64.000000 2.142000 
65.000000 2.181000 
66.000000 2.208000 
67.000000 2.235000 
68.000000 2.266000 
69.000000 2.294000 
70.000000 2.309000 
71.000000 2.336000 
72.000000 2.366000 
73.000000 2.377000 
74.000000 2.410000 
75.000000 2.436000 
76.000000 2.466000 
77.000000 2.489000 
78.000000 2.505000 
79.000000 2.538000 
80.000000 2.564000 
81.000000 2.588000 
82.000000 2.614000 
83.000000 2.635000 
84.000000 2.668000 
85.000000 2.695000 
86.000000 2.735000 
87.000000 2.759000 
88.000000 2.774000 
89.000000 2.800000 
90.000000 2.828000 
91.000000 2.857000 
92.000000 2.894000 
93.000000 2.918000 
94.000000 2.940000 
95.000000 2.969000 
96.000000 2.998000 
97.000000 3.027000 
98.000000 3.052000 
99.000000 3.084000 
100.000000 3.117000 
101.000000 3.151000 
102.000000 3.183000 
103.000000 3.218000 
104.000000 3.253000 
105.000000 3.277000 
106.000000 3.315000 
107.000000 3.342000 
108.000000 3.372000 
109.000000 3.415000 
110.000000 3.447000 
111.000000 3.478000 
112.000000 3.506000 
113.000000 3.544000 
114.000000 3.564000 
115.000000 3.593000 
116.000000 3.619000 
117.000000 3.654000 
118.000000 3.687000 
119.000000 3.730000 
120.000000 3.753000 
121.000000 3.787000 
122.000000 3.835000 
123.000000 3.874000 
124.000000 3.922000 
125.000000 3.945000 
126.000000 3.977000 
127.000000 4.021000 
128.000000 4.054000 
129.000000 4.087000 
130.000000 4.122000 
131.000000 4.176000 
132.000000 4.213000 
133.000000 4.254000 
134.000000 4.293000 
135.000000 4.331000 
136.000000 4.361000 
137.000000 4.397000 
138.000000 4.445000 
139.000000 4.472000 
140.000000 4.522000 
141.000000 4.563000 
142.000000 4.602000 
143.000000 4.654000 
144.000000 4.690000 
145.000000 4.728000 
146.000000 4.768000 
147.000000 4.819000 
148.000000 4.860000 
149.000000 4.896000 
150.000000 4.929000 
151.000000 4.991000 
152.000000 5.055000 
153.000000 5.107000 
154.000000 5.153000 
155.000000 5.198000 
156.000000 5.233000 
157.000000 5.279000 
158.000000 5.320000 
159.000000 5.373000 
160.000000 5.394000 
161.000000 5.437000 
162.000000 5.473000 
163.000000 5.506000 
164.000000 5.561000 
165.000000 5.614000 
166.000000 5.639000 
167.000000 5.686000 
168.000000 5.732000 
169.000000 5.783000 
170.000000 5.845000 
171.000000 5.895000 
172.000000 5.942000 
173.000000 5.983000 
174.000000 6.026000 
175.000000 6.061000 
176.000000 6.118000 
177.000000 6.157000 
178.000000 6.213000 
179.000000 6.255000 
180.000000 6.297000 
181.000000 6.331000 
182.000000 6.384000 
183.000000 6.450000 
184.000000 6.498000 
185.000000 6.555000 
186.000000 6.608000 
187.000000 6.638000 
188.000000 6.681000 
189.000000 6.728000 
190.000000 6.771000 
191.000000 6.830000 
192.000000 6.883000 
193.000000 6.928000 
194.000000 6.975000 
195.000000 7.039000 
196.000000 7.072000 
197.000000 7.135000 
198.000000 7.156000 
199.000000 7.197000 
200.000000 7.244000 
201.000000 7.293000 
202.000000 7.330000 
203.000000 7.381000 
204.000000 7.438000 
205.000000 7.493000 
206.000000 7.550000 
207.000000 7.590000 
208.000000 7.619000 
209.000000 7.648000 
210.000000 7.697000 
211.000000 7.724000 
212.000000 7.768000 
213.000000 7.825000 
214.000000 7.855000 
215.000000 7.905000 
216.000000 7.961000 
217.000000 8.009000 
218.000000 8.055000 
219.000000 8.096000 
220.000000 8.135000 
221.000000 8.191000 
222.000000 8.249000 
223.000000 8.296000 
224.000000 8.346000 
225.000000 8.383000 
226.000000 8.416000 
227.000000 8.458000 
228.000000 8.519000 
229.000000 8.564000 
230.000000 8.604000 
231.000000 8.655000 
232.000000 8.700000 
233.000000 8.741000 
234.000000 8.786000 
235.000000 8.823000 
236.000000 8.840000 
237.000000 8.898000 
238.000000 8.948000 
239.000000 8.997000 
240.000000 9.028000 
241.000000 9.085000 
242.000000 9.144000 
243.000000 9.192000 
244.000000 9.267000 
245.000000 9.297000 
246.000000 9.346000 
247.000000 9.381000 
248.000000 9.424000 
249.000000 9.488000 
250.000000 9.546000 
251.000000 9.597000 
252.000000 9.647000 
253.000000 9.699000 
254.000000 9.765000 
255.000000 9.827000 
256.000000 9.859000 
257.000000 9.899000 
258.000000 9.947000 
259.000000 9.982000 
260.000000 10.023000 
261.000000 10.064000 
262.000000 10.092000 
263.000000 10.137000 
264.000000 10.199000 
265.000000 10.242000 
266.000000 10.298000 
267.000000 10.355000 
268.000000 10.406000 
269.000000 10.459000 
270.000000 10.521000 
271.000000 10.562000 
272.000000 10.599000 
273.000000 10.655000 
274.000000 10.685000 
275.000000 10.710000 
276.000000 10.743000 
277.000000 10.761000 
278.000000 10.831000 
279.000000 10.883000 
280.000000 10.913000 
281.000000 10.956000 
282.000000 10.981000 
283.000000 11.029000 
284.000000 11.075000 
285.000000 11.113000 
286.000000 11.153000 
287.000000 11.205000 
288.000000 11.258000 
289.000000 11.292000 
290.000000 11.346000 
291.000000 11.398000 
292.000000 11.444000 
293.000000 11.480000 
294.000000 11.541000 
295.000000 11.569000 
296.000000 11.590000 
297.000000 11.614000 
298.000000 11.641000 
299.000000 11.665000 
300.000000 11.716000 
301.000000 11.773000 
302.000000 11.828000 
303.000000 11.861000 
304.000000 11.906000 
305.000000 11.939000 
306.000000 11.985000 
307.000000 12.032000 
308.000000 12.060000 
309.000000 12.096000 
310.000000 12.148000 
311.000000 12.209000 
312.000000 12.250000 
313.000000 12.293000 
314.000000 12.348000 
315.000000 12.408000 
316.000000 12.447000 
317.000000 12.488000 
318.000000 12.537000 
319.000000 12.567000 
320.000000 12.614000 
321.000000 12.649000 
322.000000 12.668000 
323.000000 12.720000 
324.000000 12.757000 
325.000000 12.810000 
326.000000 12.861000 
327.000000 12.898000 
328.000000 12.943000 
329.000000 12.996000 
330.000000 13.040000 
331.000000 13.092000 
332.000000 13.134000 
333.000000 13.188000 
334.000000 13.237000 
335.000000 13.269000 
336.000000 13.291000 
337.000000 13.326000 
338.000000 13.392000 
339.000000 13.434000 
340.000000 13.468000 
341.000000 13.520000 
342.000000 13.568000 
343.000000 13.598000 
344.000000 13.649000 
345.000000 13.696000 
346.000000 13.751000 
347.000000 13.808000 
348.000000 13.876000 
349.000000 13.915000 
350.000000 13.947000 
351.000000 13.954000 
352.000000 13.970000 
353.000000 14.020000 
354.000000 14.039000 
355.000000 14.070000 
356.000000 14.081000 
357.000000 14.106000 
358.000000 14.172000 
359.000000 14.213000 
360.000000 14.248000 
361.000000 14.284000 
362.000000 14.307000 
363.000000 14.330000 
364.000000 14.348000 
365.000000 14.378000 
366.000000 14.404000 
367.000000 14.427000 
368.000000 14.441000 
369.000000 14.481000 
370.000000 14.482000 
371.000000 14.518000 
372.000000 14.558000 
373.000000 14.604000 
374.000000 14.639000 
375.000000 14.687000 
376.000000 14.712000 
377.000000 14.741000 
378.000000 14.771000 
379.000000 14.788000 
380.000000 14.789000 
381.000000 14.826000 
382.000000 14.850000 
383.000000 14.910000 
384.000000 14.937000 
385.000000 14.972000 
386.000000 15.024000 
387.000000 15.088000 
388.000000 15.123000 
389.000000 15.166000 
390.000000 15.200000 
391.000000 15.221000 
392.000000 15.279000 
393.000000 15.299000 
394.000000 15.356000 
395.000000 15.413000 
396.000000 15.456000 
397.000000 15.460000 
398.000000 15.479000 
399.000000 15.497000 
400.000000 15.533000 
401.000000 15.600000 
402.000000 15.634000 
403.000000 15.651000 
404.000000 15.639000 
405.000000 15.657000 
406.000000 15.673000 
407.000000 15.707000 
408.000000 15.739000 
409.000000 15.768000 
410.000000 15.826000 
411.000000 15.853000 
412.000000 15.841000 
413.000000 15.895000 
414.000000 15.934000 
415.000000 15.949000 
416.000000 15.994000 
417.000000 16.029000 
418.000000 16.047000 
419.000000 16.097000 
420.000000 16.118000 
421.000000 16.140000 
422.000000 16.165000 
423.000000 16.195000 
424.000000 16.238000 
425.000000 16.280000 
426.000000 16.287000 
427.000000 16.337000 
428.000000 16.355000 
429.000000 16.408000 
430.000000 16.425000 
431.000000 16.408000 
432.000000 16.428000 
433.000000 16.458000 
434.000000 16.500000 
435.000000 16.529000 
436.000000 16.555000 
437.000000 16.568000 
438.000000 16.599000 
439.000000 16.621000 
440.000000 16.655000 
441.000000 16.702000 
442.000000 16.772000 
443.000000 16.796000 
444.000000 16.826000 
445.000000 16.846000 
446.000000 16.858000 
447.000000 16.881000 
448.000000 16.907000 
449.000000 16.937000 
450.000000 16.929000 
451.000000 16.941000 
452.000000 16.984000 
453.000000 16.999000 
454.000000 17.028000 
455.000000 17.050000 
456.000000 17.085000 
457.000000 17.099000 
458.000000 17.122000 
459.000000 17.169000 
460.000000 17.188000 
461.000000 17.205000 
462.000000 17.216000 
463.000000 17.265000 
464.000000 17.284000 
465.000000 17.299000 
466.000000 17.320000 
467.000000 17.335000 
468.000000 17.357000 
469.000000 17.362000 
470.000000 17.357000 
471.000000 17.405000 
472.000000 17.417000 
473.000000 17.439000 
474.000000 17.420000 
475.000000 17.439000 
476.000000 17.425000 
477.000000 17.477000 
478.000000 17.504000 
479.000000 17.522000 
480.000000 17.529000 
481.000000 17.555000 
482.000000 17.593000 
483.000000 17.579000 
484.000000 17.564000 
485.000000 17.591000 
486.000000 17.603000 
487.000000 17.616000 
488.000000 17.633000 
489.000000 17.663000 
490.000000 17.708000 
491.000000 17.715000 
492.000000 17.748000 
493.000000 17.758000 
494.000000 17.770000 
495.000000 17.808000 
496.000000 17.846000 
497.000000 17.848000 
498.000000 17.895000 
499.000000 17.936000 
500.000000 17.946000 
501.000000 17.965000 
502.000000 17.965000 
503.000000 17.968000 
504.000000 17.976000 
505.000000 18.011000 
506.000000 18.063000 
507.000000 18.067000 
508.000000 18.092000 
509.000000 18.098000 
510.000000 18.129000 
511.000000 18.168000 
512.000000 18.199000 
513.000000 18.218000 
514.000000 18.264000 
515.000000 18.286000 
516.000000 18.315000 
517.000000 18.320000 
518.000000 18.332000 
519.000000 18.344000 
520.000000 18.339000 
521.000000 18.328000 
522.000000 18.337000 
523.000000 18.337000 
524.000000 18.364000 
525.000000 18.395000 
526.000000 18.399000 
527.000000 18.421000 
528.000000 18.446000 
529.000000 18.466000 
530.000000 18.487000 
531.000000 18.495000 
532.000000 18.528000 
533.000000 18.534000 
534.000000 18.574000 
535.000000 18.608000 
536.000000 18.625000 
537.000000 18.646000 
538.000000 18.648000 
539.000000 18.680000 
540.000000 18.656000 
541.000000 18.651000 
542.000000 18.703000 
543.000000 18.683000 
544.000000 18.693000 
545.000000 18.715000 
546.000000 18.753000 
547.000000 18.779000 
548.000000 18.781000 
549.000000 18.808000 
550.000000 18.811000 
551.000000 18.825000 
552.000000 18.836000 
553.000000 18.834000 
554.000000 18.843000 
555.000000 18.868000 
556.000000 18.864000 
557.000000 18.900000 
558.000000 18.939000 
559.000000 18.936000 
560.000000 18.954000 
561.000000 19.001000 
562.000000 19.005000 
563.000000 19.021000 
564.000000 19.046000 
565.000000 19.030000 
566.000000 19.033000 
567.000000 19.042000 
568.000000 19.033000 
569.000000 19.029000 
570.000000 19.022000 
571.000000 19.045000 
572.000000 19.034000 
573.000000 19.045000 
574.000000 19.028000 
575.000000 19.022000 
576.000000 19.065000 
577.000000 19.072000 
578.000000 19.088000 
579.000000 19.125000 
580.000000 19.114000 
581.000000 19.130000 
582.000000 19.106000 
583.000000 19.096000 
584.000000 19.061000 
585.000000 19.072000 
586.000000 19.100000 
587.000000 19.068000 
588.000000 19.092000 
589.000000 19.107000 
590.000000 19.117000 
591.000000 19.149000 
592.000000 19.130000 
593.000000 19.107000 
594.000000 19.113000 
595.000000 19.151000 
596.000000 19.167000 
597.000000 19.188000 
598.000000 19.176000 
599.000000 19.183000 
600.000000 19.195000 
601.000000 19.223000 
602.000000 19.193000 
603.000000 19.170000 
604.000000 19.212000 
605.000000 19.207000 
606.000000 19.229000 
607.000000 19.231000 
608.000000 19.256000 
609.000000 19.230000 
610.000000 19.207000 
611.000000 19.193000 
612.000000 19.180000 
613.000000 19.209000 
614.000000 19.226000 
615.000000 19.234000 
616.000000 19.226000 
617.000000 19.231000 
618.000000 19.233000 
619.000000 19.245000 
620.000000 19.272000 
621.000000 19.279000 
622.000000 19.285000 
623.000000 19.278000 
624.000000 19.249000 
625.000000 19.262000 
626.000000 19.252000 
627.000000 19.236000 
628.000000 19.265000 
629.000000 19.254000 
630.000000 19.255000 
631.000000 19.277000 
632.000000 19.283000 
633.000000 19.294000 
634.000000 19.308000 
635.000000 19.309000 
636.000000 19.312000 
637.000000 19.289000 
638.000000 19.307000 
639.000000 19.306000 
640.000000 19.299000 
641.000000 19.303000 
642.000000 19.308000 
643.000000 19.306000 
644.000000 19.325000 
645.000000 19.363000 
646.000000 19.398000 
647.000000 19.368000 
648.000000 19.365000 
649.000000 19.365000 
650.000000 19.407000 
651.000000 19.425000 
652.000000 19.445000 
653.000000 19.487000 
654.000000 19.510000 
655.000000 19.503000 
656.000000 19.546000 
657.000000 19.550000 
658.000000 19.565000 
659.000000 19.548000 
660.000000 19.578000 
661.000000 19.593000 
662.000000 19.636000 
663.000000 19.623000 
664.000000 19.621000 
665.000000 19.619000 
666.000000 19.643000 
667.000000 19.652000 
668.000000 19.661000 
669.000000 19.629000 
670.000000 19.616000 
671.000000 19.562000 
672.000000 19.599000 
673.000000 19.609000 
674.000000 19.626000 
675.000000 19.655000 
676.000000 19.615000 
677.000000 19.646000 
678.000000 19.660000 
679.000000 19.653000 
680.000000 19.656000 
681.000000 19.689000 
682.000000 19.724000 
683.000000 19.777000 
684.000000 19.772000 
685.000000 19.735000 
686.000000 19.704000 
687.000000 19.709000 
688.000000 19.739000 
689.000000 19.735000 
690.000000 19.756000 
691.000000 19.702000 
692.000000 19.706000 
693.000000 19.720000 
694.000000 19.710000 
695.000000 19.712000 
696.000000 19.703000 
697.000000 19.762000 
698.000000 19.747000 
699.000000 19.762000 
700.000000 19.770000 
701.000000 19.754000 
702.000000 19.744000 
703.000000 19.764000 
704.000000 19.760000 
705.000000 19.770000 
706.000000 19.788000 
707.000000 19.780000 
708.000000 19.803000 
709.000000 19.788000 
710.000000 19.789000 
711.000000 19.814000 
712.000000 19.780000 
713.000000 19.792000 
714.000000 19.778000 
715.000000 19.767000 
716.000000 19.760000 
717.000000 19.755000 
718.000000 19.747000 
719.000000 19.777000 
720.000000 19.745000 
721.000000 19.768000 
722.000000 19.779000 
723.000000 19.768000 
724.000000 19.742000 
725.000000 19.734000 
726.000000 19.719000 
727.000000 19.728000 
728.000000 19.732000 
729.000000 19.730000 
730.000000 19.762000 
731.000000 19.776000 
732.000000 19.780000 
733.000000 19.813000 
734.000000 19.854000 
735.000000 19.821000 
736.000000 19.819000 
737.000000 19.802000 
738.000000 19.778000 
739.000000 19.802000 
740.000000 19.780000 
741.000000 19.795000 
742.000000 19.814000 
743.000000 19.812000 
744.000000 19.783000 
745.000000 19.765000 
746.000000 19.771000 
747.000000 19.798000 
748.000000 19.796000 
749.000000 19.798000 
750.000000 19.784000 
751.000000 19.806000 
752.000000 19.793000 
753.000000 19.805000 
754.000000 19.826000 
755.000000 19.844000 
756.000000 19.850000 
757.000000 19.826000 
758.000000 19.807000 
759.000000 19.795000 
760.000000 19.795000 
761.000000 19.770000 
762.000000 19.806000 
763.000000 19.824000 
764.000000 19.833000 
765.000000 19.836000 
766.000000 19.857000 
767.000000 19.854000 
768.000000 19.851000 
769.000000 19.848000 
770.000000 19.874000 
771.000000 19.854000 
772.000000 19.913000 
773.000000 19.886000 
774.000000 19.901000 
775.000000 19.905000 
776.000000 19.899000 
777.000000 19.876000 
778.000000 19.877000 
779.000000 19.835000 
780.000000 19.889000 
781.000000 19.885000 
782.000000 19.903000 
783.000000 19.890000 
784.000000 19.889000 
785.000000 19.887000 
786.000000 19.921000 
787.000000 19.926000 
788.000000 19.948000 
789.000000 20.005000 
790.000000 19.999000 
791.000000 19.997000 
792.000000 20.012000 
793.000000 20.050000 
794.000000 20.044000 
795.000000 20.050000 
796.000000 20.044000 
797.000000 20.012000 
798.000000 20.010000 
799.000000 20.036000 
800.000000 20.029000 
801.000000 20.083000 
802.000000 20.086000 
803.000000 20.096000 
804.000000 20.109000 
805.000000 20.130000 
806.000000 20.131000 
807.000000 20.147000 
808.000000 20.126000 
809.000000 20.120000 
810.000000 20.119000 
811.000000 20.135000 
812.000000 20.140000 
813.000000 20.118000 
814.000000 20.105000 
815.000000 20.099000 
816.000000 20.087000 
817.000000 20.074000 
818.000000 20.079000 
819.000000 20.071000 
820.000000 20.060000 
821.000000 20.078000 
822.000000 20.084000 
823.000000 20.074000 
824.000000 20.088000 
825.000000 20.074000 
826.000000 20.071000 
827.000000 20.048000 
828.000000 20.056000 
829.000000 20.078000 
830.000000 20.076000 
831.000000 20.086000 
832.000000 20.100000 
833.000000 20.091000 
834.000000 20.115000 
835.000000 20.120000 
836.000000 20.130000 
837.000000 20.143000 
838.000000 20.152000 
839.000000 20.189000 
840.000000 20.186000 
841.000000 20.160000 
842.000000 20.186000 
843.000000 20.245000 
844.000000 20.262000 
845.000000 20.244000 
846.000000 20.227000 
847.000000 20.189000 
848.000000 20.190000 
849.000000 20.186000 
850.000000 20.196000 
851.000000 20.205000 
852.000000 20.246000 
853.000000 20.247000 
854.000000 20.233000 
855.000000 20.209000 
856.000000 20.201000 
857.000000 20.200000 
858.000000 20.220000 
859.000000 20.232000 
860.000000 20.257000 
861.000000 20.281000 
862.000000 20.297000 
863.000000 20.310000 
864.000000 20.292000 
865.000000 20.289000 
866.000000 20.298000 
867.000000 20.287000 
868.000000 20.261000 
869.000000 20.224000 
870.000000 20.235000 
871.000000 20.236000 
872.000000 20.250000 
873.000000 20.230000 
874.000000 20.230000 
875.000000 20.224000 
876.000000 20.220000 
877.000000 20.194000 
878.000000 20.201000 
879.000000 20.199000 
880.000000 20.179000 
881.000000 20.188000 
882.000000 20.184000 
883.000000 20.178000 
884.000000 20.154000 
885.000000 20.145000 
886.000000 20.159000 
887.000000 20.166000 
888.000000 20.173000 
889.000000 20.140000 
890.000000 20.136000 
891.000000 20.152000 
892.000000 20.138000 
893.000000 20.115000 
894.000000 20.127000 
895.000000 20.124000 
896.000000 20.144000 
897.000000 20.111000 
898.000000 20.104000 
899.000000 20.087000 
900.000000 20.103000 
901.000000 20.081000 
902.000000 20.081000 
903.000000 20.048000 
904.000000 20.009000 
905.000000 20.012000 
906.000000 20.030000 
907.000000 20.033000 
908.000000 20.058000 
909.000000 20.076000 
910.000000 20.058000 
911.000000 20.076000 
912.000000 20.053000 
913.000000 20.039000 
914.000000 20.012000 
915.000000 20.028000 
916.000000 20.027000 
917.000000 20.031000 
918.000000 20.031000 
919.000000 20.049000 
920.000000 20.037000 
921.000000 20.043000 
922.000000 20.048000 
923.000000 20.036000 
924.000000 20.034000 
925.000000 20.014000 
926.000000 20.015000 
927.000000 20.009000 
928.000000 20.030000 
929.000000 20.036000 
930.000000 20.020000 
931.000000 19.992000 
932.000000 20.006000 
933.000000 19.992000 
934.000000 19.948000 
935.000000 19.949000 
936.000000 19.935000 
937.000000 19.936000 
938.000000 19.913000 
939.000000 19.890000 
940.000000 19.900000 
941.000000 19.928000 
942.000000 19.953000 
943.000000 19.957000 
944.000000 19.968000 
945.000000 19.952000 
946.000000 19.957000 
947.000000 19.929000 
948.000000 19.897000 
949.000000 19.877000 
950.000000 19.868000 
951.000000 19.869000 
952.000000 19.883000 
953.000000 19.872000 
954.000000 19.856000 
955.000000 19.863000 
956.000000 19.812000 
957.000000 19.777000 
958.000000 19.758000 
959.000000 19.743000 
960.000000 19.709000 
961.000000 19.725000 
962.000000 19.715000 
963.000000 19.678000 
964.000000 19.698000 
965.000000 19.719000 
966.000000 19.752000 
967.000000 19.763000 
968.000000 19.737000 
969.000000 19.739000 
970.000000 19.766000 
971.000000 19.782000 
972.000000 19.783000 
973.000000 19.768000 
974.000000 19.747000 
975.000000 19.785000 
976.000000 19.794000 
977.000000 19.804000 
978.000000 19.816000 
979.000000 19.793000 
980.000000 19.773000 
981.000000 19.785000 
982.000000 19.785000 
983.000000 19.808000 
984.000000 19.785000 
985.000000 19.764000 
986.000000 19.755000 
987.000000 19.752000 
988.000000 19.759000 
989.000000 19.753000 
990.000000 19.736000 
991.000000 19.754000 
992.000000 19.725000 
993.000000 19.748000 
994.000000 19.751000 
995.000000 19.725000 
996.000000 19.729000 
997.000000 19.753000 
998.000000 19.756000 
999.000000 19.771000 
1000.000000 19.761000 
1001.000000 19.743000 
1002.000000 19.741000 
1003.000000 19.760000 
1004.000000 19.753000 
1005.000000 19.748000 
1006.000000 19.784000 
1007.000000 19.765000 
1008.000000 19.748000 
1009.000000 19.764000 
1010.000000 19.794000 
1011.000000 19.781000 
1012.000000 19.787000 
1013.000000 19.777000 
1014.000000 19.762000 
1015.000000 19.753000 
1016.000000 19.774000 
1017.000000 19.797000 
1018.000000 19.800000 
1019.000000 19.821000 
1020.000000 19.777000 
1021.000000 19.767000 
1022.000000 19.776000 
1023.000000 19.776000 
1024.000000 19.781000 
1025.000000 19.796000 
1026.000000 19.806000 
1027.000000 19.785000 
1028.000000 19.726000 
1029.000000 19.780000 
1030.000000 19.827000 
1031.000000 19.810000 
1032.000000 19.799000 
1033.000000 19.815000 
1034.000000 19.816000 
1035.000000 19.828000 
1036.000000 19.833000 
1037.000000 19.847000 
1038.000000 19.825000 
1039.000000 19.845000 
1040.000000 19.844000 
1041.000000 19.838000 
1042.000000 19.836000 
1043.000000 19.845000 
1044.000000 19.812000 
1045.000000 19.804000 
1046.000000 19.815000 
1047.000000 19.825000 
1048.000000 19.841000 
1049.000000 19.823000 
1050.000000 19.834000 
1051.000000 19.872000 
1052.000000 19.869000 
1053.000000 19.852000 
1054.000000 19.866000 
1055.000000 19.889000 
1056.000000 19.878000 
1057.000000 19.904000 
1058.000000 19.901000 
1059.000000 19.887000 
1060.000000 19.866000 
1061.000000 19.895000 
1062.000000 19.879000 
1063.000000 19.900000 
1064.000000 19.907000 
1065.000000 19.915000 
1066.000000 19.910000 
1067.000000 19.909000 
1068.000000 19.908000 
1069.000000 19.933000 
1070.000000 19.919000 
1071.000000 19.917000 
1072.000000 19.918000 
1073.000000 19.918000 
1074.000000 19.904000 
1075.000000 19.945000 
1076.000000 19.916000 
1077.000000 19.910000 
1078.000000 19.904000 
1079.000000 19.900000 
1080.000000 19.890000 
1081.000000 19.870000 
1082.000000 19.895000 
1083.000000 19.901000 
1084.000000 19.942000 
1085.000000 19.948000 
1086.000000 19.966000 
1087.000000 19.973000 
1088.000000 19.984000 
1089.000000 19.928000 
1090.000000 19.926000 
1091.000000 19.887000 
1092.000000 19.905000 
1093.000000 19.929000 
1094.000000 19.908000 
1095.000000 19.915000 
1096.000000 19.872000 
1097.000000 19.864000 
1098.000000 19.865000 
1099.000000 19.872000 
1100.000000 19.874000 
1101.000000 19.875000 
1102.000000 19.878000 
1103.000000 19.856000 
1104.000000 19.824000 
1105.000000 19.813000 
1106.000000 19.812000 
1107.000000 19.828000 
1108.000000 19.840000 
1109.000000 19.841000 
1110.000000 19.872000 
1111.000000 19.853000 
1112.000000 19.837000 
1113.000000 19.820000 
1114.000000 19.793000 
1115.000000 19.789000 
1116.000000 19.795000 
1117.000000 19.799000 
1118.000000 19.753000 
1119.000000 19.740000 
1120.000000 19.766000 
1121.000000 19.749000 
1122.000000 19.743000 
1123.000000 19.726000 
1124.000000 19.765000 
1125.000000 19.754000 
1126.000000 19.720000 
1127.000000 19.723000 
1128.000000 19.710000 
1129.000000 19.726000 
1130.000000 19.735000 
1131.000000 19.728000 
1132.000000 19.716000 
1133.000000 19.734000 
1134.000000 19.750000 
1135.000000 19.776000 
1136.000000 19.795000 
1137.000000 19.805000 
1138.000000 19.799000 
1139.000000 19.790000 
1140.000000 19.821000 
1141.000000 19.824000 
1142.000000 19.797000 
1143.000000 19.790000 
1144.000000 19.792000 
1145.000000 19.764000 
1146.000000 19.779000 
1147.000000 19.778000 
1148.000000 19.774000 
1149.000000 19.778000 
1150.000000 19.765000 
1151.000000 19.742000 
1152.000000 19.743000 
1153.000000 19.729000 
1154.000000 19.711000 
1155.000000 19.696000 
1156.000000 19.672000 
1157.000000 19.681000 
1158.000000 19.663000 
1159.000000 19.633000 
1160.000000 19.646000 
1161.000000 19.633000 
1162.000000 19.633000 
1163.000000 19.595000 
1164.000000 19.603000 
1165.000000 19.611000 
1166.000000 19.622000 
1167.000000 19.625000 
1168.000000 19.626000 
1169.000000 19.621000 
1170.000000 19.607000 
1171.000000 19.598000 
1172.000000 19.594000 
1173.000000 19.586000 
1174.000000 19.578000 
1175.000000 19.569000 
1176.000000 19.570000 
1177.000000 19.583000 
1178.000000 19.559000 
1179.000000 19.577000 
1180.000000 19.590000 
1181.000000 19.582000 
1182.000000 19.571000 
1183.000000 19.553000 
1184.000000 19.568000 
1185.000000 19.551000 
1186.000000 19.554000 
1187.000000 19.554000 
1188.000000 19.575000 
1189.000000 19.554000 
1190.000000 19.556000 
1191.000000 19.605000 
1192.000000 19.607000 
1193.000000 19.602000 
1194.000000 19.630000 
1195.000000 19.633000 
1196.000000 19.627000 
1197.000000 19.663000 
1198.000000 19.676000 
1199.000000 19.700000 
1200.000000 19.689000 
1201.000000 19.691000 
1202.000000 19.657000 
1203.000000 19.713000 
1204.000000 19.731000 
1205.000000 19.719000 
1206.000000 19.711000 
1207.000000 19.710000 
1208.000000 19.718000 
1209.000000 19.728000 
1210.000000 19.714000 
1211.000000 19.693000 
1212.000000 19.691000 
1213.000000 19.710000 
1214.000000 19.693000 
1215.000000 19.707000 
1216.000000 19.709000 
1217.000000 19.732000 
1218.000000 19.741000 
1219.000000 19.776000 
1220.000000 19.791000 
1221.000000 19.780000 
1222.000000 19.773000 
1223.000000 19.822000 
1224.000000 19.820000 
1225.000000 19.813000 
1226.000000 19.840000 
1227.000000 19.852000 
1228.000000 19.844000 
1229.000000 19.887000 
1230.000000 19.936000 
1231.000000 19.930000 
1232.000000 19.909000 
1233.000000 19.919000 
1234.000000 19.913000 
1235.000000 19.877000 
1236.000000 19.870000 
1237.000000 19.891000 
1238.000000 19.863000 
1239.000000 19.870000 
1240.000000 19.858000 
1241.000000 19.812000 
1242.000000 19.828000 
1243.000000 19.832000 
1244.000000 19.845000 
1245.000000 19.812000 
1246.000000 19.779000 
1247.000000 19.781000 
1248.000000 19.800000 
1249.000000 19.827000 
1250.000000 19.860000 
1251.000000 19.873000 
1252.000000 19.861000 
1253.000000 19.891000 
1254.000000 19.884000 
1255.000000 19.897000 
1256.000000 19.935000 
1257.000000 19.946000 
1258.000000 19.937000 
1259.000000 19.938000 
1260.000000 19.981000 
1261.000000 19.985000 
1262.000000 19.968000 
1263.000000 19.927000 
1264.000000 19.920000 
1265.000000 19.925000 
1266.000000 19.900000 
1267.000000 19.910000 
1268.000000 19.886000 
1269.000000 19.894000 
1270.000000 19.882000 
1271.000000 19.855000 
1272.000000 19.861000 
1273.000000 19.838000 
1274.000000 19.849000 
1275.000000 19.855000 
1276.000000 19.850000 
1277.000000 19.849000 
1278.000000 19.855000 
1279.000000 19.849000 
1280.000000 19.825000 
1281.000000 19.817000 
1282.000000 19.832000 
1283.000000 19.847000 
1284.000000 19.855000 
1285.000000 19.855000 
1286.000000 19.872000 
1287.000000 19.861000 
1288.000000 19.829000 
1289.000000 19.824000 
1290.000000 19.817000 
1291.000000 19.825000 
1292.000000 19.815000 
1293.000000 19.834000 
1294.000000 19.807000 
1295.000000 19.830000 
1296.000000 19.832000 
1297.000000 19.862000 
1298.000000 19.840000 
1299.000000 19.848000 
1300.000000 19.872000 
1301.000000 19.905000 
1302.000000 19.943000 
1303.000000 19.944000 
1304.000000 19.966000 
1305.000000 19.961000 
1306.000000 19.966000 
1307.000000 19.949000 
1308.000000 19.993000 
1309.000000 20.005000 
1310.000000 20.012000 
1311.000000 19.991000 
1312.000000 20.024000 
1313.000000 20.009000 
1314.000000 19.991000 
1315.000000 20.006000 
1316.000000 20.008000 
1317.000000 20.018000 
1318.000000 20.020000 
1319.000000 20.056000 
1320.000000 20.122000 
1321.000000 20.108000 
1322.000000 20.110000 
1323.000000 20.117000 
1324.000000 20.135000 
1325.000000 20.154000 
1326.000000 20.148000 
1327.000000 20.134000 
1328.000000 20.144000 
1329.000000 20.114000 
1330.000000 20.117000 
1331.000000 20.082000 
1332.000000 20.080000 
1333.000000 20.096000 
1334.000000 20.085000 
1335.000000 20.126000 
1336.000000 20.143000 
1337.000000 20.107000 
1338.000000 20.148000 
1339.000000 20.131000 
1340.000000 20.133000 
1341.000000 20.159000 
1342.000000 20.117000 
1343.000000 20.128000 
1344.000000 20.122000 
1345.000000 20.136000 
1346.000000 20.171000 
1347.000000 20.199000 
1348.000000 20.172000 
1349.000000 20.161000 
1350.000000 20.165000 
1351.000000 20.117000 
1352.000000 20.097000 
1353.000000 20.090000 
1354.000000 20.091000 
1355.000000 20.099000 
1356.000000 20.075000 
1357.000000 20.069000 
1358.000000 20.109000 
1359.000000 20.112000 
1360.000000 20.117000 
1361.000000 20.113000 
1362.000000 20.095000 
1363.000000 20.107000 
1364.000000 20.115000 
1365.000000 20.120000 
1366.000000 20.104000 
1367.000000 20.099000 
1368.000000 20.097000 
1369.000000 20.102000 
1370.000000 20.089000 
1371.000000 20.101000 
1372.000000 20.086000 
1373.000000 20.064000 
1374.000000 20.093000 
1375.000000 20.099000 
1376.000000 20.104000 
1377.000000 20.132000 
1378.000000 20.125000 
1379.000000 20.109000 
1380.000000 20.103000 
1381.000000 20.140000 
1382.000000 20.124000 
1383.000000 20.106000 
1384.000000 20.088000 
1385.000000 20.095000 
1386.000000 20.068000 
1387.000000 20.053000 
1388.000000 20.061000 
1389.000000 20.046000 
1390.000000 20.058000 
1391.000000 20.065000 
1392.000000 20.051000 
1393.000000 20.068000 
1394.000000 20.047000 
1395.000000 20.055000 
1396.000000 20.050000 
1397.000000 20.045000 
1398.000000 20.023000 
1399.000000 20.012000 
1400.000000 20.005000 
1401.000000 20.004000 
1402.000000 20.011000 
1403.000000 19.994000 
1404.000000 20.048000 
1405.000000 20.038000 
1406.000000 20.046000 
1407.000000 20.032000 
1408.000000 20.036000 
1409.000000 20.033000 
1410.000000 20.031000 
1411.000000 19.997000 
1412.000000 19.980000 
1413.000000 19.993000 
1414.000000 19.973000 
1415.000000 19.970000 
1416.000000 19.933000 
1417.000000 19.924000 
1418.000000 19.961000 
1419.000000 19.980000 
1420.000000 20.009000 
1421.000000 20.000000 
1422.000000 19.990000 
1423.000000 19.986000 
1424.000000 19.953000 
1425.000000 19.983000 
1426.000000 20.008000 
1427.000000 20.008000 
1428.000000 20.008000 
1429.000000 19.980000 
1430.000000 19.984000 
1431.000000 19.945000 
1432.000000 19.963000 
1433.000000 19.943000 
1434.000000 19.965000 
1435.000000 19.951000 
1436.000000 19.941000 
1437.000000 19.946000 
1438.000000 19.941000 
1439.000000 19.923000 
1440.000000 19.899000 
1441.000000 19.873000 
1442.000000 19.846000 
1443.000000 19.856000 
1444.000000 19.832000 
1445.000000 19.823000 
1446.000000 19.842000 
1447.000000 19.819000 
1448.000000 19.825000 
1449.000000 19.853000 
1450.000000 19.862000 
1451.000000 19.855000 
1452.000000 19.874000 
1453.000000 19.871000 
1454.000000 19.873000 
1455.000000 19.869000 
1456.000000 19.897000 
1457.000000 19.909000 
1458.000000 19.889000 
1459.000000 19.902000 
1460.000000 19.885000 
1461.000000 19.860000 
1462.000000 19.872000 
1463.000000 19.856000 
1464.000000 19.830000 
1465.000000 19.825000 
1466.000000 19.822000 
1467.000000 19.819000 
1468.000000 19.807000 
1469.000000 19.803000 
1470.000000 19.798000 
1471.000000 19.801000 
1472.000000 19.770000 
1473.000000 19.774000 
1474.000000 19.744000 
1475.000000 19.743000 
1476.000000 19.726000 
1477.000000 19.723000 
1478.000000 19.704000 
1479.000000 19.703000 
1480.000000 19.734000 
1481.000000 19.754000 
1482.000000 19.762000 
1483.000000 19.761000 
1484.000000 19.757000 
1485.000000 19.783000 
1486.000000 19.770000 
1487.000000 19.792000 
1488.000000 19.804000 
1489.000000 19.800000 
1490.000000 19.821000 
1491.000000 19.820000 
1492.000000 19.812000 
1493.000000 19.834000 
1494.000000 19.877000 
1495.000000 19.881000 
1496.000000 19.880000 
1497.000000 19.876000 
1498.000000 19.860000 
1499.000000 19.873000 
1500.000000 19.874000 
1501.000000 19.839000 
1502.000000 19.847000 
1503.000000 19.859000 
1504.000000 19.892000 
1505.000000 19.860000 
1506.000000 19.833000 
1507.000000 19.812000 
1508.000000 19.807000 
1509.000000 19.810000 
1510.000000 19.826000 
1511.000000 19.846000 
1512.000000 19.882000 
1513.000000 19.899000 
1514.000000 19.912000 
1515.000000 19.930000 
1516.000000 19.905000 
1517.000000 19.934000 
1518.000000 19.921000 
1519.000000 19.905000 
1520.000000 19.924000 
1521.000000 19.935000 
1522.000000 19.956000 
1523.000000 19.936000 
1524.000000 19.934000 
1525.000000 19.911000 
1526.000000 19.913000 
1527.000000 19.928000 
1528.000000 19.919000 
1529.000000 19.911000 
1530.000000 19.903000 
1531.000000 19.872000 
1532.000000 19.895000 
1533.000000 19.903000 
1534.000000 19.920000 
1535.000000 19.895000 
1536.000000 19.920000 
1537.000000 19.920000 
1538.000000 19.928000 
1539.000000 19.910000 
1540.000000 19.920000 
1541.000000 19.932000 
1542.000000 19.920000 
1543.000000 19.926000 
1544.000000 19.914000 
1545.000000 19.907000 
1546.000000 19.905000 
1547.000000 19.878000 
1548.000000 19.891000 
1549.000000 19.890000 
1550.000000 19.903000 
1551.000000 19.904000 
1552.000000 19.902000 
1553.000000 19.891000 
1554.000000 19.889000 
1555.000000 19.916000 
1556.000000 19.931000 
1557.000000 19.951000 
1558.000000 19.952000 
1559.000000 19.937000 
1560.000000 19.945000 
1561.000000 19.942000 
1562.000000 19.948000 
1563.000000 19.949000 
1564.000000 19.933000 
1565.000000 19.905000 
1566.000000 19.920000 
1567.000000 19.920000 
1568.000000 19.911000 
1569.000000 19.937000 
1570.000000 19.951000 
1571.000000 19.948000 
1572.000000 19.951000 
1573.000000 19.960000 
1574.000000 19.920000 
1575.000000 19.921000 
1576.000000 19.911000 
1577.000000 19.897000 
1578.000000 19.893000 
1579.000000 19.890000 
1580.000000 19.900000 
1581.000000 19.885000 
1582.000000 19.917000 
1583.000000 19.918000 
1584.000000 19.942000 
1585.000000 19.957000 
1586.000000 19.953000 
1587.000000 19.920000 
1588.000000 19.940000 
1589.000000 19.924000 
1590.000000 19.945000 
1591.000000 19.960000 
1592.000000 19.937000 
1593.000000 19.916000 
1594.000000 19.927000 
1595.000000 19.903000 
1596.000000 19.895000 
1597.000000 19.912000 
1598.000000 19.912000 
1599.000000 19.916000 
1600.000000 19.910000 
1601.000000 19.916000 
1602.000000 19.981000 
1603.000000 19.984000 
1604.000000 19.982000 
1605.000000 19.981000 
1606.000000 19.952000 
1607.000000 19.942000 
1608.000000 19.932000 
1609.000000 19.973000 
1610.000000 19.993000 
1611.000000 19.992000 
1612.000000 19.995000 
1613.000000 19.990000 
1614.000000 20.014000 
1615.000000 20.009000 
1616.000000 19.983000 
1617.000000 19.975000 
1618.000000 19.972000 
1619.000000 19.916000 
1620.000000 19.921000 
1621.000000 19.933000 
1622.000000 19.920000 
1623.000000 19.931000 
1624.000000 19.914000 
1625.000000 19.914000 
1626.000000 19.902000 
1627.000000 19.905000 
1628.000000 19.909000 
1629.000000 19.923000 
1630.000000 19.925000 
1631.000000 19.935000 
1632.000000 19.926000 
1633.000000 19.908000 
1634.000000 19.913000 
1635.000000 19.926000 
1636.000000 19.922000 
1637.000000 19.902000 
1638.000000 19.884000 
1639.000000 19.866000 
1640.000000 19.873000 
1641.000000 19.849000 
1642.000000 19.843000 
1643.000000 19.822000 
1644.000000 19.839000 
1645.000000 19.853000 
1646.000000 19.821000 
1647.000000 19.830000 
1648.000000 19.839000 
1649.000000 19.827000 
1650.000000 19.832000 
1651.000000 19.800000 
1652.000000 19.788000 
1653.000000 19.780000 
1654.000000 19.808000 
1655.000000 19.837000 
1656.000000 19.829000 
1657.000000 19.806000 
1658.000000 19.844000 
1659.000000 19.899000 
1660.000000 19.881000 
1661.000000 19.859000 
1662.000000 19.899000 
1663.000000 19.919000 
1664.000000 19.917000 
1665.000000 19.920000 
1666.000000 19.915000 
1667.000000 19.910000 
1668.000000 19.923000 
1669.000000 19.939000 
1670.000000 19.953000 
1671.000000 19.949000 
1672.000000 19.938000 
1673.000000 19.982000 
1674.000000 19.954000 
1675.000000 19.983000 
1676.000000 19.993000 
1677.000000 19.993000 
1678.000000 19.974000 
1679.000000 19.961000 
1680.000000 19.940000 
1681.000000 19.942000 
1682.000000 19.950000 
1683.000000 19.947000 
1684.000000 19.968000 
1685.000000 19.970000 
1686.000000 19.941000 
1687.000000 19.941000 
1688.000000 19.948000 
1689.000000 19.957000 
1690.000000 19.972000 
1691.000000 19.980000 
1692.000000 19.954000 
1693.000000 19.939000 
1694.000000 19.963000 
1695.000000 19.988000 
1696.000000 20.008000 
1697.000000 20.006000 
1698.000000 19.988000 
1699.000000 19.972000 
1700.000000 20.008000 
1701.000000 20.020000 
1702.000000 19.998000 
1703.000000 19.990000 
1704.000000 19.985000 
1705.000000 20.038000 
1706.000000 20.071000 
1707.000000 20.096000 
1708.000000 20.105000 
1709.000000 20.122000 
1710.000000 20.141000 
1711.000000 20.111000 
1712.000000 20.071000 
1713.000000 20.059000 
1714.000000 20.091000 
1715.000000 20.071000 
1716.000000 20.086000 
1717.000000 20.057000 
1718.000000 20.050000 
1719.000000 20.053000 
1720.000000 20.039000 
1721.000000 20.035000 
1722.000000 20.035000 
1723.000000 20.040000 
1724.000000 20.028000 
1725.000000 20.014000 
1726.000000 20.014000 
1727.000000 19.995000 
1728.000000 19.981000 
1729.000000 19.983000 
1730.000000 19.984000 
1731.000000 19.972000 
1732.000000 19.974000 
1733.000000 19.959000 
1734.000000 19.956000 
1735.000000 19.977000 
1736.000000 19.976000 
1737.000000 19.956000 
1738.000000 19.966000 
1739.000000 19.996000 
1740.000000 19.986000 
1741.000000 19.959000 
1742.000000 19.954000 
1743.000000 19.960000 
1744.000000 19.976000 
1745.000000 19.974000 
1746.000000 19.940000 
1747.000000 19.941000 
1748.000000 19.987000 
1749.000000 19.989000 
1750.000000 20.004000 
1751.000000 20.001000 
1752.000000 19.987000 
1753.000000 19.973000 
1754.000000 19.986000 
1755.000000 19.972000 
1756.000000 19.963000 
1757.000000 19.975000 
1758.000000 19.983000 
1759.000000 19.958000 
1760.000000 19.971000 
1761.000000 19.986000 
1762.000000 20.011000 
1763.000000 20.032000 
1764.000000 20.044000 
1765.000000 20.017000 
1766.000000 20.053000 
1767.000000 20.044000 
1768.000000 20.025000 
1769.000000 20.006000 
1770.000000 20.043000 
1771.000000 20.102000 
1772.000000 20.130000 
1773.000000 20.107000 
1774.000000 20.071000 
1775.000000 20.103000 
1776.000000 20.137000 
1777.000000 20.144000 
1778.000000 20.118000 
1779.000000 20.135000 
1780.000000 20.120000 
1781.000000 20.092000 
1782.000000 20.087000 
1783.000000 20.091000 
1784.000000 20.095000 
1785.000000 20.110000 
1786.000000 20.093000 
1787.000000 20.077000 
1788.000000 20.102000 
1789.000000 20.097000 
1790.000000 20.092000 
1791.000000 20.079000 
1792.000000 20.096000 
1793.000000 20.088000 
1794.000000 20.066000 
1795.000000 20.068000 
1796.000000 20.075000 
1797.000000 20.116000 
1798.000000 20.109000 
1799.000000 20.069000 
1800.000000 20.058000 
1801.000000 20.060000 
1802.000000 20.070000 
1803.000000 20.075000 
1804.000000 20.091000 
1805.000000 20.094000 
1806.000000 20.070000 
1807.000000 20.053000 
1808.000000 20.070000 
1809.000000 20.076000 
1810.000000 20.106000 
1811.000000 20.093000 
1812.000000 20.074000 
1813.000000 20.062000 
1814.000000 20.050000 
1815.000000 20.078000 
1816.000000 20.049000 
1817.000000 20.047000 
1818.000000 20.091000 
1819.000000 20.103000 
1820.000000 20.109000 
1821.000000 20.102000 
1822.000000 20.100000 
1823.000000 20.131000 
1824.000000 20.164000 
1825.000000 20.184000 
1826.000000 20.190000 
1827.000000 20.176000 
1828.000000 20.165000 
1829.000000 20.163000 
1830.000000 20.166000 
1831.000000 20.211000 
1832.000000 20.196000 
1833.000000 20.181000 
1834.000000 20.167000 
1835.000000 20.147000 
1836.000000 20.134000 
1837.000000 20.109000 
1838.000000 20.078000 
1839.000000 20.057000 
1840.000000 20.056000 
1841.000000 20.094000 
1842.000000 20.061000 
1843.000000 20.050000 
1844.000000 20.045000 
1845.000000 20.035000 
1846.000000 20.019000 
1847.000000 20.017000 
1848.000000 20.031000 
1849.000000 20.016000 
1850.000000 19.990000 
1851.000000 19.995000 
1852.000000 19.965000 
1853.000000 19.970000 
1854.000000 20.000000 
1855.000000 19.985000 
1856.000000 19.980000 
1857.000000 19.972000 
1858.000000 19.962000 
1859.000000 19.956000 
1860.000000 20.012000 
1861.000000 19.994000 
1862.000000 19.990000 
1863.000000 20.017000 
1864.000000 20.053000 
1865.000000 20.025000 
1866.000000 20.000000 
1867.000000 20.005000 
1868.000000 20.002000 
1869.000000 19.996000 
1870.000000 19.968000 
1871.000000 19.982000 
1872.000000 19.977000 
1873.000000 19.991000 
1874.000000 19.996000 
1875.000000 19.986000 
1876.000000 19.949000 
1877.000000 19.931000 
1878.000000 19.953000 
1879.000000 19.977000 
1880.000000 19.995000 
1881.000000 19.988000 
1882.000000 20.019000 
1883.000000 20.010000 
1884.000000 20.024000 
1885.000000 20.025000 
1886.000000 20.014000 
1887.000000 20.037000 
1888.000000 20.016000 
1889.000000 20.029000 
1890.000000 20.051000 
1891.000000 20.034000 
1892.000000 20.038000 
1893.000000 20.057000 
1894.000000 20.079000 
1895.000000 20.091000 
1896.000000 20.082000 
1897.000000 20.081000 
1898.000000 20.071000 
1899.000000 20.085000 
1900.000000 20.090000 
1901.000000 20.045000 
1902.000000 20.031000 
1903.000000 20.039000 
1904.000000 20.040000 
1905.000000 20.035000 
1906.000000 20.021000 
1907.000000 19.999000 
1908.000000 20.011000 
1909.000000 20.009000 
1910.000000 20.018000 
1911.000000 20.001000 
1912.000000 20.003000 
1913.000000 19.992000 
1914.000000 19.996000 
1915.000000 19.985000 
1916.000000 19.976000 
1917.000000 19.999000 
1918.000000 20.013000 
1919.000000 20.007000 
1920.000000 20.017000 
1921.000000 20.021000 
1922.000000 20.034000 
1923.000000 20.028000 
1924.000000 19.991000 
1925.000000 19.984000 
1926.000000 20.003000 
1927.000000 20.005000 
1928.000000 20.024000 
1929.000000 20.017000 
1930.000000 20.014000 
1931.000000 19.996000 
1932.000000 19.976000 
1933.000000 19.998000 
1934.000000 19.988000 
1935.000000 20.020000 
1936.000000 20.038000 
1937.000000 20.038000 
1938.000000 20.047000 
1939.000000 20.022000 
1940.000000 20.024000 
1941.000000 20.034000 
1942.000000 20.037000 
1943.000000 20.041000 
1944.000000 20.024000 
1945.000000 20.053000 
1946.000000 20.042000 
1947.000000 20.035000 
1948.000000 20.058000 
1949.000000 20.071000 
1950.000000 20.074000 
1951.000000 20.094000 
1952.000000 20.128000 
1953.000000 20.136000 
1954.000000 20.133000 
1955.000000 20.147000 
1956.000000 20.130000 
1957.000000 20.129000 
1958.000000 20.124000 
1959.000000 20.096000 
1960.000000 20.082000 
1961.000000 20.072000 
1962.000000 20.046000 
1963.000000 20.068000 
1964.000000 20.066000 
1965.000000 20.079000 
1966.000000 20.078000 
1967.000000 20.118000 
1968.000000 20.133000 
1969.000000 20.108000 
1970.000000 20.086000 
1971.000000 20.076000 
1972.000000 20.086000 
1973.000000 20.067000 
1974.000000 20.085000 
1975.000000 20.047000 
1976.000000 20.047000 
1977.000000 20.042000 
1978.000000 20.019000 
1979.000000 19.992000 
1980.000000 19.977000 
1981.000000 19.987000 
1982.000000 20.013000 
1983.000000 20.026000 
1984.000000 20.067000 
1985.000000 20.056000 
1986.000000 20.051000 
1987.000000 20.042000 
1988.000000 20.057000 
1989.000000 20.069000 
1990.000000 20.101000 
1991.000000 20.107000 
1992.000000 20.114000 
1993.000000 20.063000 
1994.000000 20.058000 
1995.000000 20.049000 
1996.000000 20.067000 
1997.000000 20.071000 
1998.000000 20.049000 
1999.000000 20.057000 
2000.000000 20.069000 
2001.000000 20.100000 
2002.000000 20.074000 
2003.000000 20.051000 
2004.000000 20.073000 
2005.000000 20.082000 
2006.000000 20.079000 
2007.000000 20.042000 
2008.000000 20.030000 
2009.000000 20.010000 
2010.000000 20.020000 
2011.000000 20.022000 
2012.000000 20.015000 
2013.000000 20.011000 
2014.000000 19.999000 
2015.000000 20.026000 
2016.000000 20.020000 
2017.000000 20.025000 
2018.000000 20.030000 
2019.000000 20.040000 
2020.000000 20.038000 
2021.000000 20.022000 
2022.000000 20.022000 
2023.000000 20.033000 
2024.000000 20.056000 
2025.000000 20.079000 
2026.000000 20.082000 
2027.000000 20.069000 
2028.000000 20.080000 
2029.000000 20.096000 
2030.000000 20.090000 
2031.000000 20.083000 
2032.000000 20.097000 
2033.000000 20.092000 
2034.000000 20.089000 
2035.000000 20.087000 
2036.000000 20.064000 
2037.000000 20.036000 
2038.000000 20.002000 
2039.000000 19.977000 
2040.000000 19.974000 
2041.000000 19.962000 
2042.000000 19.975000 
2043.000000 19.979000 
2044.000000 19.976000 
2045.000000 19.974000 
2046.000000 19.947000 
2047.000000 19.940000 
2048.000000 19.969000 
2049.000000 19.937000 
2050.000000 19.951000 
2051.000000 19.954000 
2052.000000 19.970000 
2053.000000 19.983000 
2054.000000 19.981000 
2055.000000 19.994000 
2056.000000 20.013000 
2057.000000 20.034000 
2058.000000 20.051000 
2059.000000 20.037000 
2060.000000 20.037000 
2061.000000 20.046000 
2062.000000 20.033000 
2063.000000 20.038000 
2064.000000 20.004000 
2065.000000 20.010000 
2066.000000 19.999000 
2067.000000 19.968000 
2068.000000 19.977000 
2069.000000 19.986000 
2070.000000 19.969000 
2071.000000 19.962000 
2072.000000 19.966000 
2073.000000 19.950000 
2074.000000 19.951000 
2075.000000 19.965000 
2076.000000 19.946000 
2077.000000 19.942000 
2078.000000 19.948000 
2079.000000 19.933000 
2080.000000 19.926000 
2081.000000 19.915000 
2082.000000 19.917000 
2083.000000 19.875000 
2084.000000 19.837000 
2085.000000 19.830000 
2086.000000 19.817000 
2087.000000 19.823000 
2088.000000 19.817000 
2089.000000 19.823000 
2090.000000 19.797000 
2091.000000 19.802000 
2092.000000 19.828000 
2093.000000 19.858000 
2094.000000 19.874000 
2095.000000 19.871000 
2096.000000 19.859000 
2097.000000 19.889000 
2098.000000 19.897000 
2099.000000 19.937000 
2100.000000 19.954000 
2101.000000 19.948000 
2102.000000 19.942000 
2103.000000 19.968000 
2104.000000 19.962000 
2105.000000 19.979000 
2106.000000 19.933000 
2107.000000 19.927000 
2108.000000 19.920000 
2109.000000 19.945000 
2110.000000 19.955000 
2111.000000 19.988000 
2112.000000 19.994000 
2113.000000 19.979000 
2114.000000 19.983000 
2115.000000 19.979000 
2116.000000 19.984000 
2117.000000 19.967000 
2118.000000 19.970000 
2119.000000 19.944000 
2120.000000 19.938000 
2121.000000 19.900000 
2122.000000 19.897000 
2123.000000 19.899000 
2124.000000 19.925000 
2125.000000 19.932000 
2126.000000 19.922000 
2127.000000 19.957000 
2128.000000 19.938000 
2129.000000 19.969000 
2130.000000 19.988000 
2131.000000 20.035000 
2132.000000 20.055000 
2133.000000 20.013000 
2134.000000 19.989000 
2135.000000 20.019000 
2136.000000 20.022000 
2137.000000 20.005000 
2138.000000 19.990000 
2139.000000 19.963000 
2140.000000 19.987000 
2141.000000 19.988000 
2142.000000 20.034000 
2143.000000 20.031000 
2144.000000 20.009000 
2145.000000 20.026000 
2146.000000 19.994000 
2147.000000 19.982000 
2148.000000 19.991000 
2149.000000 20.003000 
2150.000000 20.010000 
2151.000000 19.986000 
2152.000000 20.028000 
2153.000000 20.055000 
2154.000000 20.019000 
2155.000000 20.025000 
2156.000000 19.988000 
2157.000000 19.967000 
2158.000000 19.992000 
2159.000000 20.004000 
2160.000000 19.975000 
2161.000000 19.925000 
2162.000000 19.898000 
2163.000000 19.913000 
2164.000000 19.906000 
2165.000000 19.902000 
2166.000000 19.892000 
2167.000000 19.874000 
2168.000000 19.869000 
2169.000000 19.859000 
2170.000000 19.861000 
2171.000000 19.883000 
2172.000000 19.891000 
2173.000000 19.886000 
2174.000000 19.875000 
2175.000000 19.856000 
2176.000000 19.857000 
2177.000000 19.833000 
2178.000000 19.857000 
2179.000000 19.854000 
2180.000000 19.836000 
2181.000000 19.851000 
2182.000000 19.828000 
2183.000000 19.802000 
2184.000000 19.827000 
2185.000000 19.826000 
2186.000000 19.819000 
2187.000000 19.824000 
2188.000000 19.837000 
2189.000000 19.865000 
2190.000000 19.868000 
2191.000000 19.905000 
2192.000000 19.919000 
2193.000000 19.896000 
2194.000000 19.918000 
2195.000000 19.921000 
2196.000000 19.958000 
2197.000000 19.991000 
2198.000000 20.003000 
2199.000000 20.009000 
2200.000000 20.038000 
2201.000000 20.008000 
2202.000000 20.017000 
2203.000000 20.013000 
2204.000000 20.040000 
2205.000000 20.075000 
2206.000000 20.095000 
2207.000000 20.096000 
2208.000000 20.092000 
2209.000000 20.083000 
2210.000000 20.052000 
2211.000000 20.044000 
2212.000000 20.061000 
2213.000000 20.088000 
2214.000000 20.087000 
2215.000000 20.080000 
2216.000000 20.076000 
2217.000000 20.096000 
2218.000000 20.112000 
2219.000000 20.103000 
2220.000000 20.086000 
2221.000000 20.103000 
2222.000000 20.105000 
2223.000000 20.122000 
2224.000000 20.149000 
2225.000000 20.153000 
2226.000000 20.173000 
2227.000000 20.158000 
2228.000000 20.188000 
2229.000000 20.173000 
2230.000000 20.173000 
2231.000000 20.182000 
2232.000000 20.193000 
2233.000000 20.198000 
2234.000000 20.170000 
2235.000000 20.130000 
2236.000000 20.120000 
2237.000000 20.103000 
2238.000000 20.111000 
2239.000000 20.046000 
2240.000000 20.082000 
2241.000000 20.045000 
2242.000000 20.042000 
2243.000000 20.045000 
2244.000000 20.037000 
2245.000000 20.034000 
2246.000000 20.033000 
2247.000000 20.055000 
2248.000000 20.074000 
2249.000000 20.021000 
2250.000000 20.047000 
2251.000000 20.039000 
2252.000000 20.050000 
2253.000000 20.053000 
2254.000000 20.078000 
2255.000000 20.098000 
2256.000000 20.146000 
2257.000000 20.169000 
2258.000000 20.158000 
2259.000000 20.162000 
2260.000000 20.208000 
2261.000000 20.190000 
2262.000000 20.165000 
2263.000000 20.157000 
2264.000000 20.173000 
2265.000000 20.190000 
2266.000000 20.185000 
2267.000000 20.197000 
2268.000000 20.201000 
2269.000000 20.210000 
2270.000000 20.233000 
2271.000000 20.226000 
2272.000000 20.222000 
2273.000000 20.190000 
2274.000000 20.186000 
2275.000000 20.171000 
2276.000000 20.137000 
2277.000000 20.138000 
2278.000000 20.110000 
2279.000000 20.089000 
2280.000000 20.082000 
2281.000000 20.091000 
2282.000000 20.072000 
2283.000000 20.088000 
2284.000000 20.090000 
2285.000000 20.039000 
2286.000000 20.015000 
2287.000000 20.036000 
2288.000000 20.015000 
2289.000000 20.044000 
2290.000000 20.034000 
2291.000000 20.047000 
2292.000000 20.062000 
2293.000000 20.105000 
2294.000000 20.089000 
2295.000000 20.080000 
2296.000000 20.108000 
2297.000000 20.091000 
2298.000000 20.088000 
2299.000000 20.073000 
2300.000000 20.091000 
2301.000000 20.114000 
2302.000000 20.115000 
2303.000000 20.114000 
2304.000000 20.096000 
2305.000000 20.088000 
2306.000000 20.087000 
2307.000000 20.110000 
2308.000000 20.076000 
2309.000000 20.044000 
2310.000000 20.082000 
2311.000000 20.058000 
2312.000000 20.070000 
2313.000000 20.087000 
2314.000000 20.109000 
2315.000000 20.092000 
2316.000000 20.083000 
2317.000000 20.070000 
2318.000000 20.008000 
2319.000000 20.016000 
2320.000000 20.006000 
2321.000000 19.983000 
2322.000000 19.996000 
2323.000000 19.982000 
2324.000000 19.951000 
2325.000000 19.943000 
2326.000000 19.940000 
2327.000000 19.918000 
2328.000000 19.934000 
2329.000000 19.941000 
2330.000000 19.943000 
2331.000000 19.940000 
2332.000000 19.922000 
2333.000000 19.878000 
2334.000000 19.891000 
2335.000000 19.880000 
2336.000000 19.883000 
2337.000000 19.881000 
2338.000000 19.915000 
2339.000000 19.915000 
2340.000000 19.954000 
2341.000000 19.962000 
2342.000000 19.980000 
2343.000000 20.017000 
2344.000000 20.054000 
2345.000000 20.065000 
2346.000000 20.076000 
2347.000000 20.059000 
2348.000000 20.079000 
2349.000000 20.097000 
2350.000000 20.078000 
2351.000000 20.092000 
2352.000000 20.107000 
2353.000000 20.104000 
2354.000000 20.109000 
2355.000000 20.084000 
2356.000000 20.080000 
2357.000000 20.086000 
2358.000000 20.088000 
2359.000000 20.072000 
2360.000000 20.034000 
2361.000000 20.069000 
2362.000000 20.053000 
2363.000000 20.030000 
2364.000000 20.022000 
2365.000000 20.012000 
2366.000000 19.974000 
2367.000000 19.961000 
2368.000000 19.967000 
2369.000000 19.936000 
2370.000000 19.928000 
2371.000000 19.931000 
2372.000000 19.926000 
2373.000000 19.949000 
2374.000000 19.946000 
2375.000000 19.969000 
2376.000000 19.989000 
2377.000000 20.011000 
2378.000000 20.014000 
2379.000000 20.020000 
2380.000000 20.047000 
2381.000000 20.052000 
2382.000000 20.027000 
2383.000000 20.021000 
2384.000000 20.019000 
2385.000000 20.020000 
2386.000000 20.025000 
2387.000000 19.993000 
2388.000000 19.978000 
2389.000000 19.950000 
2390.000000 19.981000 
2391.000000 20.000000 
2392.000000 19.990000 
2393.000000 19.971000 
2394.000000 19.958000 
2395.000000 19.952000 
2396.000000 19.958000 
2397.000000 19.973000 
2398.000000 19.951000 
2399.000000 19.974000 
2400.000000 19.987000 
2401.000000 20.002000 
2402.000000 20.035000 
2403.000000 20.068000 
2404.000000 20.066000 
2405.000000 20.064000 
2406.000000 20.042000 
2407.000000 20.100000 
2408.000000 20.111000 
2409.000000 20.135000 
2410.000000 20.140000 
2411.000000 20.089000 
2412.000000 20.106000 
2413.000000 20.109000 
2414.000000 20.074000 
2415.000000 20.069000 
2416.000000 20.094000 
2417.000000 20.083000 
2418.000000 20.119000 
2419.000000 20.087000 
2420.000000 20.082000 
2421.000000 20.096000 
2422.000000 20.105000 
2423.000000 20.092000 
2424.000000 20.054000 
2425.000000 20.048000 
2426.000000 20.055000 
2427.000000 20.055000 
2428.000000 20.037000 
2429.000000 20.005000 
2430.000000 20.033000 
2431.000000 20.026000 
2432.000000 20.030000 
2433.000000 20.001000 
2434.000000 19.981000 
2435.000000 20.008000 
2436.000000 20.000000 
2437.000000 20.011000 
2438.000000 19.998000 
2439.000000 20.028000 
2440.000000 20.018000 
2441.000000 20.059000 
2442.000000 20.071000 
2443.000000 20.033000 
2444.000000 20.048000 
2445.000000 20.089000 
2446.000000 20.082000 
2447.000000 20.095000 
2448.000000 20.115000 
2449.000000 20.084000 
2450.000000 20.082000 
2451.000000 20.074000 
2452.000000 20.099000 
2453.000000 20.092000 
2454.000000 20.105000 
2455.000000 20.114000 
2456.000000 20.124000 
2457.000000 20.107000 
2458.000000 20.136000 
2459.000000 20.137000 
2460.000000 20.109000 
2461.000000 20.090000 
2462.000000 20.081000 
2463.000000 20.068000 
2464.000000 20.064000 
2465.000000 20.056000 
2466.000000 20.059000 
2467.000000 20.050000 
2468.000000 20.056000 
2469.000000 19.985000 
2470.000000 19.969000 
2471.000000 19.991000 
2472.000000 20.004000 
2473.000000 19.973000 
2474.000000 19.974000 
2475.000000 19.962000 
2476.000000 19.968000 
2477.000000 19.963000 
2478.000000 19.980000 
2479.000000 20.000000 
2480.000000 20.003000 
2481.000000 19.955000 
2482.000000 19.936000 
2483.000000 19.895000 
2484.000000 19.914000 
2485.000000 19.911000 
2486.000000 19.925000 
2487.000000 19.912000 
2488.000000 19.925000 
2489.000000 19.928000 
2490.000000 19.919000 
2491.000000 19.891000 
2492.000000 19.905000 
2493.000000 19.867000 
2494.000000 19.864000 
2495.000000 19.863000 
2496.000000 19.896000 
2497.000000 19.905000 
2498.000000 19.877000 
2499.000000 19.854000 
2500.000000 19.864000 
2501.000000 19.847000 
2502.000000 19.877000 
2503.000000 19.856000 
2504.000000 19.845000 
2505.000000 19.845000 
2506.000000 19.845000 
2507.000000 19.855000 
2508.000000 19.877000 
2509.000000 19.875000 
2510.000000 19.856000 
2511.000000 19.873000 
2512.000000 19.879000 
2513.000000 19.901000 
2514.000000 19.946000 
2515.000000 19.979000 
2516.000000 19.967000 
2517.000000 19.946000 
2518.000000 19.959000 
2519.000000 19.986000 
2520.000000 19.975000 
2521.000000 19.976000 
2522.000000 19.981000 
2523.000000 19.964000 
2524.000000 19.979000 
2525.000000 19.989000 
2526.000000 19.974000 
2527.000000 19.952000 
2528.000000 19.947000 
2529.000000 19.959000 
2530.000000 19.946000 
2531.000000 19.941000 
2532.000000 19.969000 
2533.000000 19.950000 
2534.000000 19.935000 
2535.000000 19.937000 
2536.000000 19.929000 
2537.000000 19.921000 
2538.000000 19.915000 
2539.000000 19.937000 
2540.000000 19.930000 
2541.000000 19.915000 
2542.000000 19.933000 
2543.000000 19.917000 
2544.000000 19.902000 
2545.000000 19.886000 
2546.000000 19.875000 
2547.000000 19.890000 
2548.000000 19.854000 
2549.000000 19.892000 
2550.000000 19.877000 
2551.000000 19.885000 
2552.000000 19.897000 
2553.000000 19.881000 
2554.000000 19.889000 
2555.000000 19.885000 
2556.000000 19.914000 
2557.000000 19.938000 
2558.000000 19.938000 
2559.000000 19.927000 
2560.000000 19.930000 
2561.000000 19.936000 
2562.000000 19.945000 
2563.000000 19.917000 
2564.000000 19.925000 
2565.000000 19.903000 
2566.000000 19.906000 
2567.000000 19.928000 
2568.000000 19.962000 
2569.000000 19.966000 
2570.000000 19.951000 
2571.000000 19.937000 
2572.000000 19.926000 
2573.000000 19.934000 
2574.000000 19.957000 
2575.000000 20.007000 
2576.000000 20.005000 
2577.000000 20.006000 
2578.000000 20.004000 
2579.000000 20.019000 
2580.000000 20.026000 
2581.000000 20.011000 
2582.000000 20.032000 
2583.000000 20.026000 
2584.000000 20.051000 
2585.000000 20.025000 
2586.000000 19.993000 
2587.000000 20.020000 
2588.000000 20.028000 
2589.000000 20.043000 
2590.000000 20.056000 
2591.000000 20.066000 
2592.000000 20.071000 
2593.000000 20.061000 
2594.000000 20.068000 
2595.000000 20.057000 
2596.000000 20.041000 
2597.000000 20.025000 
2598.000000 20.028000 
2599.000000 20.042000 
2600.000000 20.057000 
2601.000000 20.053000 
2602.000000 20.066000 
2603.000000 20.029000 
2604.000000 20.017000 
2605.000000 20.049000 
2606.000000 20.033000 
2607.000000 19.983000 
2608.000000 19.971000 
2609.000000 19.962000 
2610.000000 19.938000 
2611.000000 19.959000 
2612.000000 19.960000 
2613.000000 19.954000 
2614.000000 19.951000 
2615.000000 19.957000 
2616.000000 19.953000 
2617.000000 19.972000 
2618.000000 19.969000 
2619.000000 20.012000 
2620.000000 20.004000 
2621.000000 20.018000 
2622.000000 20.034000 
2623.000000 20.005000 
2624.000000 20.027000 
2625.000000 20.030000 
2626.000000 20.058000 
2627.000000 20.066000 
2628.000000 20.085000 
2629.000000 20.072000 
2630.000000 20.065000 
2631.000000 20.068000 
2632.000000 20.081000 
2633.000000 20.090000 
2634.000000 20.087000 
2635.000000 20.099000 
2636.000000 20.123000 
2637.000000 20.111000 
2638.000000 20.129000 
2639.000000 20.139000 
2640.000000 20.111000 
2641.000000 20.109000 
2642.000000 20.098000 
2643.000000 20.074000 
2644.000000 20.082000 
2645.000000 20.097000 
2646.000000 20.108000 
2647.000000 20.102000 
2648.000000 20.115000 
2649.000000 20.116000 
2650.000000 20.081000 
2651.000000 20.084000 
2652.000000 20.028000 
2653.000000 20.039000 
2654.000000 19.996000 
2655.000000 20.013000 
2656.000000 19.992000 
2657.000000 19.959000 
2658.000000 19.941000 
2659.000000 19.926000 
2660.000000 19.894000 
2661.000000 19.867000 
2662.000000 19.870000 
2663.000000 19.864000 
2664.000000 19.875000 
2665.000000 19.896000 
2666.000000 19.894000 
2667.000000 19.919000 
2668.000000 19.934000 
2669.000000 19.951000 
2670.000000 19.984000 
2671.000000 20.005000 
2672.000000 19.993000 
2673.000000 19.972000 
2674.000000 19.961000 
2675.000000 19.970000 
2676.000000 19.965000 
2677.000000 19.935000 
2678.000000 19.914000 
2679.000000 19.945000 
2680.000000 19.951000 
2681.000000 19.937000 
2682.000000 19.967000 
2683.000000 19.966000 
2684.000000 20.005000 
2685.000000 19.980000 
2686.000000 19.984000 
2687.000000 19.999000 
2688.000000 19.986000 
2689.000000 19.992000 
2690.000000 19.973000 
2691.000000 19.966000 
2692.000000 19.986000 
2693.000000 20.001000 
2694.000000 20.001000 
2695.000000 19.992000 
2696.000000 20.000000 
2697.000000 20.032000 
2698.000000 20.048000 
2699.000000 20.026000 
2700.000000 20.000000 
2701.000000 20.027000 
2702.000000 20.024000 
2703.000000 20.044000 
2704.000000 20.036000 
2705.000000 20.042000 
2706.000000 20.037000 
2707.000000 20.014000 
2708.000000 19.987000 
2709.000000 19.954000 
2710.000000 19.965000 
2711.000000 19.982000 
2712.000000 19.994000 
2713.000000 19.952000 
2714.000000 19.949000 
2715.000000 19.946000 
2716.000000 19.945000 
2717.000000 19.946000 
2718.000000 19.963000 
2719.000000 19.940000 
2720.000000 19.959000 
2721.000000 19.940000 
2722.000000 19.953000 
2723.000000 19.921000 
2724.000000 19.907000 
2725.000000 19.937000 
2726.000000 19.914000 
2727.000000 19.905000 
2728.000000 19.894000 
2729.000000 19.873000 
2730.000000 19.887000 
2731.000000 19.881000 
2732.000000 19.870000 
2733.000000 19.848000 
2734.000000 19.873000 
2735.000000 19.868000 
2736.000000 19.893000 
2737.000000 19.884000 
2738.000000 19.902000 
2739.000000 19.900000 
2740.000000 19.906000 
2741.000000 19.918000 
2742.000000 19.896000 
2743.000000 19.890000 
2744.000000 19.880000 
2745.000000 19.900000 
2746.000000 19.883000 
2747.000000 19.896000 
2748.000000 19.907000 
2749.000000 19.903000 
2750.000000 19.927000 
2751.000000 19.938000 
2752.000000 19.949000 
2753.000000 19.980000 
2754.000000 19.987000 
2755.000000 19.980000 
2756.000000 19.996000 
2757.000000 20.002000 
2758.000000 19.979000 
2759.000000 19.965000 
2760.000000 19.978000 
2761.000000 19.967000 
2762.000000 19.972000 
2763.000000 19.975000 
2764.000000 19.970000 
2765.000000 19.968000 
2766.000000 19.989000 
2767.000000 19.976000 
2768.000000 19.945000 
2769.000000 19.929000 
2770.000000 19.939000 
2771.000000 19.961000 
2772.000000 19.993000 
2773.000000 19.965000 
2774.000000 19.951000 
2775.000000 19.961000 
2776.000000 19.974000 
2777.000000 19.959000 
2778.000000 19.954000 
2779.000000 19.947000 
2780.000000 19.958000 
2781.000000 19.935000 
2782.000000 19.906000 
2783.000000 19.926000 
2784.000000 19.975000 
2785.000000 19.991000 
2786.000000 19.988000 
2787.000000 19.979000 
2788.000000 19.966000 
2789.000000 19.976000 
2790.000000 19.990000 
2791.000000 20.023000 
2792.000000 20.030000 
2793.000000 20.043000 
2794.000000 20.041000 
2795.000000 20.010000 
2796.000000 19.986000 
2797.000000 19.953000 
2798.000000 19.962000 
2799.000000 19.927000 
2800.000000 19.917000 
2801.000000 19.918000 
2802.000000 19.911000 
2803.000000 19.956000 
2804.000000 19.941000 
2805.000000 19.974000 
2806.000000 19.965000 
2807.000000 19.971000 
2808.000000 19.970000 
2809.000000 19.967000 
2810.000000 19.970000 
2811.000000 19.977000 
2812.000000 20.001000 
2813.000000 20.001000 
2814.000000 20.023000 
2815.000000 20.022000 
2816.000000 20.011000 
2817.000000 19.995000 
2818.000000 19.995000 
2819.000000 19.987000 
2820.000000 19.980000 
2821.000000 20.037000 
2822.000000 20.059000 
2823.000000 20.052000 
2824.000000 20.032000 
2825.000000 20.035000 
2826.000000 20.023000 
2827.000000 20.006000 
2828.000000 20.006000 
2829.000000 20.018000 
2830.000000 20.052000 
2831.000000 20.082000 
2832.000000 20.090000 
2833.000000 20.088000 
2834.000000 20.067000 
2835.000000 20.075000 
2836.000000 20.057000 
2837.000000 20.071000 
2838.000000 20.076000 
2839.000000 20.084000 
2840.000000 20.070000 
2841.000000 20.066000 
2842.000000 20.059000 
2843.000000 20.050000 
2844.000000 20.039000 
2845.000000 20.062000 
2846.000000 20.022000 
2847.000000 20.031000 
2848.000000 20.030000 
2849.000000 20.018000 
2850.000000 20.019000 
2851.000000 20.034000 
2852.000000 20.005000 
2853.000000 20.017000 
2854.000000 20.029000 
2855.000000 20.038000 
2856.000000 20.047000 
2857.000000 20.051000 
2858.000000 20.062000 
2859.000000 20.079000 
2860.000000 20.084000 
2861.000000 20.056000 
2862.000000 20.055000 
2863.000000 20.013000 
2864.000000 20.047000 
2865.000000 20.064000 
2866.000000 20.028000 
2867.000000 20.021000 
2868.000000 19.995000 
2869.000000 19.999000 
2870.000000 19.995000 
2871.000000 19.984000 
2872.000000 20.008000 
2873.000000 20.006000 
2874.000000 20.001000 
2875.000000 20.018000 
2876.000000 20.031000 
2877.000000 20.039000 
2878.000000 20.055000 
2879.000000 20.053000 
2880.000000 20.050000 
2881.000000 20.016000 
2882.000000 19.992000 
2883.000000 19.985000 
2884.000000 19.964000 
2885.000000 19.990000 
2886.000000 19.944000 
2887.000000 19.929000 
2888.000000 19.960000 
2889.000000 19.993000 
2890.000000 19.986000 
2891.000000 19.993000 
2892.000000 19.994000 
2893.000000 20.000000 
2894.000000 19.992000 
2895.000000 20.020000 
2896.000000 20.002000 
2897.000000 19.994000 
2898.000000 19.981000 
2899.000000 19.972000 
2900.000000 19.986000 
2901.000000 19.994000 
2902.000000 19.976000 
2903.000000 19.977000 
2904.000000 19.957000 
2905.000000 19.941000 
2906.000000 19.966000 
2907.000000 19.942000 
2908.000000 19.960000 
2909.000000 19.975000 
2910.000000 19.955000 
2911.000000 19.964000 
2912.000000 19.948000 
2913.000000 19.933000 
2914.000000 19.902000 
2915.000000 19.914000 
2916.000000 19.903000 
2917.000000 19.879000 
2918.000000 19.863000 
2919.000000 19.875000 
2920.000000 19.862000 
2921.000000 19.857000 
2922.000000 19.872000 
2923.000000 19.872000 
2924.000000 19.857000 
2925.000000 19.839000 
2926.000000 19.845000 
2927.000000 19.843000 
2928.000000 19.849000 
2929.000000 19.831000 
2930.000000 19.851000 
2931.000000 19.869000 
2932.000000 19.838000 
2933.000000 19.845000 
2934.000000 19.867000 
2935.000000 19.906000 
2936.000000 19.890000 
2937.000000 19.882000 
2938.000000 19.884000 
2939.000000 19.882000 
2940.000000 19.891000 
2941.000000 19.925000 
2942.000000 19.915000 
2943.000000 19.959000 
2944.000000 19.968000 
2945.000000 19.942000 
2946.000000 19.968000 
2947.000000 19.943000 
2948.000000 19.918000 
2949.000000 19.951000 
2950.000000 19.962000 
2951.000000 19.970000 
2952.000000 19.967000 
2953.000000 19.990000 
2954.000000 19.972000 
2955.000000 19.988000 
2956.000000 20.021000 
2957.000000 20.026000 
2958.000000 19.999000 
2959.000000 19.982000 
2960.000000 19.980000 
2961.000000 19.957000 
2962.000000 19.965000 
2963.000000 19.996000 
2964.000000 19.991000 
2965.000000 19.973000 
2966.000000 19.968000 
2967.000000 19.941000 
2968.000000 19.909000 
2969.000000 19.941000 
2970.000000 19.967000 
2971.000000 19.974000 
2972.000000 19.969000 
2973.000000 19.975000 
2974.000000 19.967000 
2975.000000 19.982000 
2976.000000 19.989000 
2977.000000 20.005000 
2978.000000 20.006000 
2979.000000 19.968000 
2980.000000 19.958000 
2981.000000 19.945000 
2982.000000 19.918000 
2983.000000 19.902000 
2984.000000 19.912000 
2985.000000 19.914000 
2986.000000 19.919000 
2987.000000 19.960000 
2988.000000 19.961000 
2989.000000 19.951000 
2990.000000 19.961000 
2991.000000 19.968000 
2992.000000 19.955000 
2993.000000 19.935000 
2994.000000 19.932000 
2995.000000 19.928000 
2996.000000 19.925000 
2997.000000 19.931000 
2998.000000 19.943000 
2999.000000 19.903000 
