0 1 
1 1.07365629346991 
2 1.14791320371185 
3 1.22277560033579 
4 1.2982483919726 
5 1.37433652657922 
6 1.45104499174598 
7 1.52837881500623 
8 1.60634306414831 
9 1.68494284752973 
10 1.76418331439375 
11 1.84406965518825 
12 1.92460710188697 
13 2.00580092831309 
14 2.08765645046524 
15 2.17017902684581 
16 2.25337405879177 
17 2.33724699080787 
18 2.42180331090225 
19 2.50704855092455 
20 2.59298828690651 
21 2.67962813940493 
22 2.76697377384733 
23 2.85503090087993 
24 2.94380527671828 
25 3.03330270350041 
26 3.12352902964254 
27 3.21449015019734 
28 3.30619200721486 
29 3.39864059010597 
30 3.49184193600848 
31 3.58580213015596 
32 3.68052730624908 
33 3.77602364682973 
34 3.87229738365782 
35 3.96935479809072 
36 4.0672022214655 
37 4.16584603548387 
38 4.26529267259984 
39 4.36554861641023 
40 4.46662040204791 
41 4.56851461657782 
42 4.6712378993959 
43 4.77479694263073 
44 4.87919849154815 
45 4.98444934495864 
46 5.09055635562761 
47 5.19752643068869 
48 5.30536653205973 
49 5.41408367686197 
50 5.52368493784197 
51 5.63417744379658 
52 5.74556838000092 
53 5.85786498863931 
54 5.97107456923921 
55 6.08520447910825 
56 6.20026213377423 
57 6.31625500742823 
58 6.43319063337079 
59 6.55107660446122 
60 6.6699205735699 
61 6.78973025403391 
62 6.91051342011559 
63 7.03227790746443 
64 7.15503161358205 
65 7.27878249829038 
66 7.4035385842031 
67 7.52930795720024 
68 7.65609876690609 
69 7.7839192271703 
70 7.91277761655232 
71 8.04268227880909 
72 8.17364162338608 
73 8.30566412591157 
74 8.43875832869439 
75 8.57293284122491 
76 8.70819634067946 
77 8.84455757242814 
78 8.98202535054599 
79 9.12060855832762 
80 9.26031614880529 
81 9.40115714527038 
82 9.54314064179837 
83 9.68627580377733 
84 9.83057186843985 
85 9.97603814539848 
86 10.1226840171848 
87 10.2705189397919 
88 10.4195524432205 
89 10.5697941320287 
90 10.7212536858851 
91 10.8739408601258 
92 11.0278654863149 
93 11.1830374728085 
94 11.3394668053227 
95 11.4971635475046 
96 11.656137841508 
97 11.8163999085719 
98 11.977960049603 
99 12.1408286457619 
100 12.3050161590533 
101 12.4705331329195 
102 12.6373901928379 
103 12.8055980469226 
104 12.9751674865288 
105 13.1461093868623 
106 13.3184347075917 
107 13.492154493465 
108 13.6672798749302 
109 13.8438220687592 
110 14.0217923786758 
111 14.2012021959879 
112 14.3820630002229 
113 14.5643863597678 
114 14.7481839325128 
115 14.9334674664985 
116 15.1202488005676 
117 15.3085398650203 
118 15.4983526822738 
119 15.6896993675253 
120 15.8825921294198 
121 16.0770432707207 
122 16.273065188986 
123 16.4706703772465 
124 16.6698714246903 
125 16.8706810173491 
126 17.0731119387901 
127 17.2771770708112 
128 17.4828893941405 
129 17.69026198914 
130 17.8993080365125 
131 18.1100408180138 
132 18.3224737171683 
133 18.5366202199886 
134 18.7524939156992 
135 18.9701084974648 
136 19.1894777631221 
137 19.4106156159159 
138 19.6335360652395 
139 19.8582532273786 
140 20.0847813262604 
141 20.3131346942055 
142 20.5433277726849 
143 20.7753751130808 
144 21.0092913774513 
145 21.2450913392994 
146 21.4827898843465 
147 21.7224020113091 
148 21.9639428326807 
149 22.2074275755169 
150 22.4528715822252 
151 22.7002903113584 
152 22.949699338413 
153 23.2011143566306 
154 23.4545511778043 
155 23.7100257330885 
156 23.9675540738134 
157 24.2271523723033 
158 24.4888369226988 
159 24.7526241417834 
160 25.0185305698143 
161 25.2865728713567 
162 25.5567678361225 
163 25.8291323798131 
164 26.1036835449662 
165 26.3804385018063 
166 26.6594145491 
167 26.9406291150142 
168 27.2240997579792 
169 27.5098441675553 
170 27.7978801653037 
171 28.0882257056609 
172 28.3808988768173 
173 28.6759179015998 
174 28.9733011383581 
175 29.273067081855 
176 29.5752343641602 
177 29.8798217555487 
178 30.1868481654021 
179 30.4963326431144 
180 30.808294379001 
181 31.1227527052123 
182 31.4397270966496 
183 31.7592371718862 
184 32.0813026940914 
185 32.4059435719579 
186 32.7331798606335 
187 33.0630317626556 
188 33.3955196288902 
189 33.7306639594734 
190 34.068485404757 
191 34.4090047662573 
192 34.7522429976075 
193 35.0982212055134 
194 35.446960650712 
195 35.7984827489342 
196 36.15280907187 
197 36.5099613481376 
198 36.8699614642547 
199 37.232831465614 
200 37.598593557461 
201 37.9672701058751 
202 38.3388836387539 
203 38.7134568467999 
204 39.0910125845104 
205 39.4715738711701 
206 39.8551638918469 
207 40.2418059983896 
208 40.6315237104289 
209 41.0243407163807 
210 41.420280874452 
211 41.8193682136492 
212 42.2216269347891 
213 42.6270814115117 
214 43.0357561912955 
215 43.4476759964756 
216 43.8628657252626 
217 44.2813504527648 
218 44.7031554320119 
219 45.1283060949805 
220 45.5568280536213 
221 45.9887471008886 
222 46.4240892117709 
223 46.8628805443234 
224 47.3051474407017 
225 47.7509164281973 
226 48.2002142202739 
227 48.6530677176054 
228 49.1095040091147 
229 49.5695503730135 
230 50.0332342778434 
231 50.5005833835176 
232 50.9716255423626 
233 51.4463888001624 
234 51.9249013972006 
235 52.4071917693056 
236 52.8932885488937 
237 53.3832205660141 
238 53.8770168493931 
239 54.3747066274782 
240 54.8763193294826 
241 55.3818845864286 
242 55.8914322321911 
243 56.4049923045403 
244 56.922595046184 
245 57.4442709058084 
246 57.9700505391184 
247 58.4999648098769 
248 59.0340447909425 
249 59.5723217653057 
250 60.1148272271237 
251 60.6615928827539 
252 61.2126506517845 
253 61.7680326680641 
254 62.3277712807285 
255 62.8918990552253 
256 63.4604487743359 
257 64.0334534391948 
258 64.6109462703064 
259 65.1929607085578 
260 65.7795304162297 
261 66.3706892780025 
262 66.9664714019597 
263 67.5669111205873 
264 68.172042991769 
265 68.7819017997773 
266 69.3965225562603 
267 70.0159405012236 
268 70.6401911040081 
269 71.2693100642617 
270 71.9033333129068 
271 72.5422970131015 
272 73.1862375611956 
273 73.8351915876807 
274 74.489195958134 
275 75.1482877741553 
276 75.8125043742986 
277 76.481883334995 
278 77.1564624714707 
279 77.8362798386555 
280 78.521373732085 
281 79.2117826887944 
282 79.9075454882047 
283 80.6087011529995 
284 81.3152889499941 
285 82.0273483909948 
286 82.74491923365 
287 83.4680414822902 
288 84.1967553887601 
289 84.9311014532385 
290 85.6711204250498 
291 86.416853303463 
292 87.168341338481 
293 87.9256260316176 
294 88.6887491366634 
295 89.4577526604396 
296 90.2326788635388 
297 91.0135702610545 
298 91.8004696232962 
299 92.5934199764919 
300 93.3924646034769 
301 94.197647044368 
302 95.0090110972239 
303 95.8266008186908 
304 96.6504605246321 
305 97.4806347907433 
306 98.3171684531508 
307 99.1601066089947 
308 100.009494616994 
309 100.865378097995 
310 101.727802935505 
311 102.596815276201 
312 103.47246153043 
313 104.35478837268 
314 105.243842742041 
315 106.139671842642 
316 107.042323144067 
317 107.951844381752 
318 108.868283557363 
319 109.791688939147 
320 110.72210906227 
321 111.659592729124 
322 112.604189009615 
323 113.555947241427 
324 114.514917030267 
325 115.481148250075 
326 116.454691043221 
327 117.435595820669 
328 118.423913262119 
329 119.41969431612 
330 120.422990200159 
331 121.433852400723 
332 122.452332673326 
333 123.478483042521 
334 124.512355801868 
335 125.554003513884 
336 126.603479009959 
337 127.660835390237 
338 128.726126023475 
339 129.799404546861 
340 130.880724865807 
341 131.970141153702 
342 133.067707851639 
343 134.173479668101 
344 135.28751157862 
345 136.409858825389 
346 137.54057691685 
347 138.679721627239 
348 139.827348996094 
349 140.983515327728 
350 142.148277190657 
351 143.321691417 
352 144.503815101826 
353 145.694705602471 
354 146.894420537805 
355 148.103017787467 
356 149.320555491046 
357 150.54709204723 
358 151.782686112901 
359 153.027396602191 
360 154.281282685495 
361 155.544403788428 
362 156.816819590744 
363 158.098590025205 
364 159.389775276401 
365 160.69043577952 
366 162.000632219071 
367 163.320425527551 
368 164.649876884066 
369 165.9890477129 
370 167.337999682025 
371 168.696794701563 
372 170.065494922191 
373 171.444162733493 
374 172.83286076225 
375 174.231651870681 
376 175.640599154623 
377 177.059765941646 
378 178.489215789122 
379 179.929012482218 
380 181.379220031846 
381 182.83990267253 
382 184.311124860232 
383 185.792951270097 
384 187.285446794142 
385 188.788676538879 
386 190.302705822873 
387 191.827600174227 
388 193.363425328005 
389 194.910247223584 
390 196.468132001938 
391 198.03714600285 
392 199.617355762051 
393 201.208828008289 
394 202.811629660328 
395 204.425827823863 
396 206.051489788372 
397 207.688683023884 
398 209.337475177673 
399 210.997934070874 
400 212.670127695019 
401 214.354124208499 
402 216.049991932939 
403 217.757799349494 
404 219.477615095063 
405 221.209507958422 
406 222.95354687627 
407 224.709800929191 
408 226.478339337529 
409 228.25923145718 
410 230.052546775292 
411 231.858354905878 
412 233.676725585343 
413 235.507728667913 
414 237.351434120979 
415 239.207912020348 
416 241.077232545397 
417 242.959465974138 
418 244.854682678188 
419 246.762953117633 
420 248.684347835814 
421 250.618937453997 
422 252.566792665955 
423 254.52798423245 
424 256.502582975608 
425 258.490659773204 
426 260.492285552836 
427 262.507531285996 
428 264.536467982047 
429 266.579166682085 
430 268.635698452702 
431 270.706134379639 
432 272.790545561334 
433 274.889003102365 
434 277.001578106781 
435 279.12834167132 
436 281.26936487853 
437 283.424718789763 
438 285.594474438069 
439 287.778702820974 
440 289.977474893142 
441 292.190861558933 
442 294.41893366483 
443 296.661761991771 
444 298.919417247347 
445 301.191970057898 
446 303.479490960479 
447 305.782050394722 
448 308.099718694569 
449 310.432566079889 
450 312.780662647979 
451 315.144078364944 
452 317.522883056949 
453 319.917146401365 
454 322.326937917778 
455 324.752326958885 
456 327.193382701269 
457 329.650174136043 
458 332.12277005938 
459 334.611239062913 
460 337.115649524015 
461 339.636069595953 
462 342.17256719792 
463 344.725210004937 
464 347.294065437637 
465 349.87920065192 
466 352.480682528482 
467 355.098577662223 
468 357.732952351522 
469 360.383872587396 
470 363.051404042528 
471 365.735612060166 
472 368.436561642904 
473 371.154317441335 
474 373.888943742574 
475 376.640504458662 
476 379.409063114843 
477 382.194682837714 
478 384.997426343252 
479 387.817355924721 
480 390.654533440444 
481 393.509020301465 
482 396.380877459078 
483 399.270165392238 
484 402.176944094849 
485 405.101273062929 
486 408.043211281658 
487 411.002817212299 
488 413.980148779009 
489 416.975263355521 
490 419.988217751716 
491 423.019068200074 
492 426.06787034201 
493 429.134679214094 
494 432.219549234156 
495 435.322534187284 
496 438.443687211699 
497 441.583060784531 
498 444.740706707477 
499 447.916676092353 
500 451.111019346542 
501 454.323786158335 
502 457.555025482165 
503 460.804785523744 
504 464.073113725092 
505 467.360056749476 
506 470.665660466246 
507 473.989969935573 
508 477.333029393101 
509 480.694882234499 
510 484.07557099993 
511 487.475137358427 
512 490.89362209219 
513 494.33106508079 
514 497.787505285301 
515 501.26298073235 
516 504.757528498089 
517 508.271184692095 
518 511.803984441199 
519 515.355961873245 
520 518.927150100788 
521 522.517581204718 
522 526.127286217836 
523 529.756295108367 
524 533.404636763419 
525 537.072338972388 
526 540.759428410324 
527 544.465930621241 
528 548.191870001395 
529 551.937269782517 
530 555.702152015016 
531 559.48653755115 
532 563.290446028169 
533 567.113895851432 
534 570.956904177512 
535 574.819486897273 
536 578.701658618951 
537 582.603432651208 
538 586.5248209862 
539 590.465834282633 
540 594.426481848831 
541 598.406771625807 
542 602.406710170356 
543 606.426302638154 
544 610.465552766893 
545 614.52446285943 
546 618.603033766982 
547 622.701264872341 
548 626.819154073148 
549 630.956697765204 
550 635.113890825831 
551 639.290726597297 
552 643.487196870297 
553 647.703291867508 
554 651.939000227208 
555 656.194308986981 
556 660.469203567501 
557 664.76366775641 
558 669.077683692282 
559 673.411231848702 
560 677.764291018433 
561 682.136838297714 
562 686.528849070664 
563 690.940296993813 
564 695.371153980764 
565 699.821390186994 
566 704.290973994791 
567 708.779871998347 
568 713.288048989001 
569 717.815467940644 
570 722.362089995296 
571 726.92787444885 
572 731.512778737003 
573 736.116758421372 
574 740.739767175804 
575 745.381756772883 
576 750.042677070652 
577 754.722475999541 
578 759.421099549522 
579 764.138491757483 
580 768.874594694846 
581 773.629348455421 
582 778.402691143506 
583 783.194558862247 
584 788.004885702253 
585 792.833603730491 
586 797.68064297944 
587 802.545931436543 
588 807.429395033942 
589 812.330957638507 
590 817.250541042177 
591 822.188064952599 
592 827.143446984097 
593 832.116602648959 
594 837.107445349054 
595 842.115886367795 
596 847.141834862438 
597 852.18519785674 
598 857.245880233971 
599 862.323784730301 
600 867.418811928546 
601 872.530860252309 
602 877.659825960493 
603 882.805603142221 
604 887.968083712141 
605 893.147157406154 
606 898.34271177754 
607 903.554632193514 
608 908.782801832199 
609 914.027101680041 
610 919.287410529658 
611 924.563604978131 
612 929.855559425746 
613 935.163146075207 
614 940.486234931286 
615 945.824693800969 
616 951.178388294058 
617 956.547181824263 
618 961.930935610775 
619 967.329508680331 
620 972.74275786978 
621 978.170537829148 
622 983.612701025206 
623 989.069097745557 
624 994.539576103238 
625 1000.02398204184 
626 1005.52215934115 
627 1011.03394962335 
628 1016.55919235971 
629 1022.09772487784 
630 1027.64938236951 
631 1033.21399789896 
632 1038.79140241181 
633 1044.38142474451 
634 1049.98389163432 
635 1055.5986277299 
636 1061.22545560241 
637 1066.86419575721 
638 1072.51466664611 
639 1078.17668468023 
640 1083.85006424336 
641 1089.53461770594 
642 1095.23015543963 
643 1100.93648583243 
644 1106.65341530438 
645 1112.38074832384 
646 1118.11828742436 
647 1123.86583322213 
648 1129.62318443402 
649 1135.39013789615 
650 1141.16648858311 
651 1146.95202962773 
652 1152.7465523414 
653 1158.54984623503 
654 1164.36169904054 
655 1170.18189673296 
656 1176.01022355307 
657 1181.84646203061 
658 1187.69039300815 
659 1193.54179566538 
660 1199.40044754411 
661 1205.26612457372 
662 1211.13860109724 
663 1217.01764989797 
664 1222.90304222663 
665 1228.79454782907 
666 1234.69193497454 
667 1240.5949704845 
668 1246.50341976191 
669 1252.41704682113 
670 1258.33561431827 
671 1264.25888358212 
672 1270.18661464556 
673 1276.11856627746 
674 1282.05449601512 
675 1287.99416019717 
676 1293.93731399698 
677 1299.88371145653 
678 1305.83310552074 
679 1311.78524807231 
680 1317.73988996698 
681 1323.69678106922 
682 1329.65567028837 
683 1335.61630561528 
684 1341.57843415924 
685 1347.54180218541 
686 1353.50615515264 
687 1359.47123775167 
688 1365.43679394367 
689 1371.40256699925 
690 1377.36829953773 
691 1383.33373356679 
692 1389.2986105225 
693 1395.26267130961 
694 1401.22565634222 
695 1407.18730558467 
696 1413.14735859282 
697 1419.10555455552 
698 1425.06163233641 
699 1431.01533051594 
700 1436.96638743364 
701 1442.91454123061 
702 1448.85952989224 
703 1454.80109129113 
704 1460.73896323019 
705 1466.67288348588 
706 1472.60258985172 
707 1478.52782018179 
708 1484.44831243452 
709 1490.36380471647 
710 1496.2740353263 
711 1502.17874279878 
712 1508.0776659489 
713 1513.97054391604 
714 1519.85711620816 
715 1525.73712274606 
716 1531.61030390763 
717 1537.47640057207 
718 1543.33515416419 
719 1549.18630669857 
720 1555.02960082378 
721 1560.86477986641 
722 1566.69158787518 
723 1572.50976966484 
724 1578.31907085998 
725 1584.11923793883 
726 1589.91001827672 
727 1595.69116018961 
728 1601.46241297729 
729 1607.22352696646 
730 1612.97425355365 
731 1618.71434524782 
732 1624.44355571285 
733 1630.16163980973 
734 1635.86835363848 
735 1641.56345457981 
736 1647.24670133653 
737 1652.91785397461 
738 1658.57667396393 
739 1664.22292421871 
740 1669.85636913761 
741 1675.47677464346 
742 1681.08390822256 
743 1686.67753896371 
744 1692.25743759673 
745 1697.82337653061 
746 1703.37512989124 
747 1708.91247355869 
748 1714.43518520403 
749 1719.94304432566 
750 1725.43583228523 
751 1730.91333234299 
752 1736.3753296927 
753 1741.82161149595 
754 1747.25196691604 
755 1752.66618715125 
756 1758.06406546758 
757 1763.44539723095 
758 1768.80997993881 
759 1774.15761325114 
760 1779.48809902093 
761 1784.80124132397 
762 1790.09684648808 
763 1795.37472312173 
764 1800.63468214197 
765 1805.87653680178 
766 1811.10010271675 
767 1816.30519789109 
768 1821.49164274298 
769 1826.65926012929 
770 1831.80787536955 
771 1836.93731626931 
772 1842.04741314273 
773 1847.13799883456 
774 1852.20890874131 
775 1857.25998083185 
776 1862.29105566712 
777 1867.3019764193 
778 1872.29258889013 
779 1877.26274152853 
780 1882.21228544755 
781 1887.1410744405 
782 1892.04896499639 
783 1896.9358163146 
784 1901.80149031888 
785 1906.64585167046 
786 1911.46876778059 
787 1916.2701088222 
788 1921.04974774084 
789 1925.80756026491 
790 1930.54342491512 
791 1935.25722301315 
792 1939.94883868966 
793 1944.61815889143 
794 1949.26507338787 
795 1953.8894747767 
796 1958.49125848891 
797 1963.070322793 
798 1967.62656879842 
799 1972.15990045837 
800 1976.67022457174 
801 1981.15745078442 
802 1985.62149158984 
803 1990.0622623288 
804 1994.47968118856 
805 1998.8736692012 
806 2003.24415024135 
807 2007.59105102313 
808 2011.91430109641 
809 2016.21383284241 
810 2020.48958146856 
811 2024.74148500273 
812 2028.96948428677 
813 2033.17352296934 
814 2037.35354749811 
815 2041.50950711135 
816 2045.64135382878 
817 2049.74904244187 
818 2053.83253050343 
819 2057.89177831666 
820 2061.92674892349 
821 2065.93740809244 
822 2069.92372430572 
823 2073.88566874591 
824 2077.82321528195 
825 2081.73634045459 
826 2085.6250234613 
827 2089.48924614059 
828 2093.32899295586 
829 2097.14425097862 
830 2100.9350098713 
831 2104.70126186944 
832 2108.44300176351 
833 2112.16022688008 
834 2115.85293706268 
835 2119.52113465208 
836 2123.16482446616 
837 2126.7840137793 
838 2130.37871230139 
839 2133.94893215639 
840 2137.49468786047 
841 2141.01599629974 
842 2144.51287670764 
843 2147.98535064191 
844 2151.4334419612 
845 2154.85717680137 
846 2158.25658355135 
847 2161.63169282878 
848 2164.98253745529 
849 2168.30915243142 
850 2171.61157491132 
851 2174.88984417714 
852 2178.14400161311 
853 2181.37409067944 
854 2184.58015688589 
855 2187.76224776512 
856 2190.92041284588 
857 2194.0547036259 
858 2197.16517354461 
859 2200.25187795567 
860 2203.31487409933 
861 2206.35422107462 
862 2209.36997981134 
863 2212.36221304195 
864 2215.33098527331 
865 2218.2763627583 
866 2221.19841346732 
867 2224.09720705967 
868 2226.97281485488 
869 2229.8253098039 
870 2232.65476646029 
871 2235.46126095129 
872 2238.24487094887 
873 2241.00567564071 
874 2243.74375570119 
875 2246.45919326235 
876 2249.15207188479 
877 2251.82247652864 
878 2254.47049352451 
879 2257.09621054441 
880 2259.69971657281 
881 2262.28110187761 
882 2264.84045798124 
883 2267.37787763178 
884 2269.89345477414 
885 2272.38728452135 
886 2274.85946312588 
887 2277.31008795107 
888 2279.73925744265 
889 2282.14707110037 
890 2284.53362944975 
891 2286.89903401395 
892 2289.2433872857 
893 2291.56679269947 
894 2293.86935460371 
895 2296.15117823327 
896 2298.41236968193 
897 2300.65303587515 
898 2302.87328454295 
899 2305.07322419297 
900 2307.25296408368 
901 2309.41261419787 
902 2311.55228521623 
903 2313.67208849113 
904 2315.77213602071 
905 2317.85254042304 
906 2319.91341491057 
907 2321.9548732648 
908 2323.97702981112 
909 2325.97999939393 
910 2327.96389735197 
911 2329.92883949386 
912 2331.87494207391 
913 2333.80232176818 
914 2335.71109565075 
915 2337.60138117027 
916 2339.47329612673 
917 2341.32695864853 
918 2343.16248716977 
919 2344.98000040783 
920 2346.7796173412 
921 2348.56145718757 
922 2350.3256393822 
923 2352.07228355657 
924 2353.80150951729 
925 2355.51343722529 
926 2357.20818677528 
927 2358.88587837551 
928 2360.54663232779 
929 2362.19056900782 
930 2363.81780884574 
931 2365.42847230704 
932 2367.02267987374 
933 2368.60055202581 
934 2370.1622092229 
935 2371.70777188642 
936 2373.23736038178 
937 2374.75109500106 
938 2376.24909594585 
939 2377.73148331047 
940 2379.19837706541 
941 2380.64989704111 
942 2382.08616291199 
943 2383.5072941808 
944 2384.91341016323 
945 2386.30462997283 
946 2387.68107250621 
947 2389.04285642852 
948 2390.39010015922 
949 2391.72292185811 
950 2393.04143941173 
951 2394.34577041989 
952 2395.63603218266 
953 2396.91234168748 
954 2398.17481559666 
955 2399.42357023509 
956 2400.65872157828 
957 2401.8803852406 
958 2403.08867646389 
959 2404.28371010625 
960 2405.46560063114 
961 2406.63446209675 
962 2407.79040814566 
963 2408.93355199466 
964 2410.06400642497 
965 2411.18188377262 
966 2412.28729591912 
967 2413.38035428238 
968 2414.46116980792 
969 2415.52985296023 
970 2416.58651371452 
971 2417.63126154857 
972 2418.66420543495 
973 2419.68545383337 
974 2420.69511468337 
975 2421.69329539717 
976 2422.68010285276 
977 2423.65564338731 
978 2424.62002279066 
979 2425.57334629914 
980 2426.51571858962 
981 2427.4472437737 
982 2428.36802539218 
983 2429.27816640975 
984 2430.17776920982 
985 2431.06693558966 
986 2431.94576675566 
987 2432.81436331886 
988 2433.67282529061 
989 2434.5212520785 
990 2435.35974248243 
991 2436.18839469091 
992 2437.00730627752 
993 2437.81657419759 
994 2438.61629478503 
995 2439.40656374934 
996 2440.18747617285 
997 2440.95912650806 
998 2441.72160857521 
999 2442.47501556002 
1000 2443.21944001152 
1001 2443.95497384017 
1002 2444.681708316 
1003 2445.39973406705 
1004 2446.10914107785 
1005 2446.8100186881 
1006 2447.50245559153 
1007 2448.18653983484 
1008 2448.86235881683 
1009 2449.52999928768 
1010 2450.18954734833 
1011 2450.84108845001 
1012 2451.48470739394 
1013 2452.1204883311 
1014 2452.74851476218 
1015 2453.36886953761 
1016 2453.98163485777 
1017 2454.58689227327 
1018 2455.18472268535 
1019 2455.77520634645 
1020 2456.35842286081 
1021 2456.93445118526 
1022 2457.50336963004 
1023 2458.0652558598 
1024 2458.62018689467 
1025 2459.1682391114 
1026 2459.70948824465 
1027 2460.24400938834 
1028 2460.77187699709 
1029 2461.29316488782 
1030 2461.80794624133 
1031 2462.31629360401 
1032 2462.81827888972 
1033 2463.31397338158 
1034 2463.80344773399 
1035 2464.28677197469 
1036 2464.76401550682 
1037 2465.23524711113 
1038 2465.70053494826 
1039 2466.15994656107 
1040 2466.61354887699 
1041 2467.06140821053 
1042 2467.50359026579 
1043 2467.94016013903 
1044 2468.37118232131 
1045 2468.79672070122 
1046 2469.2168385676 
1047 2469.63159861237 
1048 2470.04106293336 
1049 2470.44529303727 
1050 2470.84434984257 
1051 2471.23829368252 
1052 2471.62718430822 
1053 2472.01108089173 
1054 2472.39004202911 
1055 2472.7641257437 
1056 2473.13338948924 
1057 2473.49789015315 
1058 2473.85768405979 
1059 2474.21282697381 
1060 2474.56337410342 
1061 2474.90938010383 
1062 2475.2508990806 
1063 2475.5879845931 
1064 2475.92068965793 
1065 2476.24906675244 
1066 2476.57316781819 
1067 2476.89304426448 
1068 2477.2087469719 
1069 2477.5203262959 
1070 2477.82783207034 
1071 2478.13131361112 
1072 2478.43081971974 
1073 2478.726398687 
1074 2479.01809829656 
1075 2479.30596582864 
1076 2479.59004806367 
1077 2479.87039128595 
1078 2480.14704128735 
1079 2480.42004337096 
1080 2480.68944235485 
1081 2480.95528257569 
1082 2481.21760789252 
1083 2481.47646169044 
1084 2481.73188688429 
1085 2481.98392592241 
1086 2482.23262079034 
1087 2482.47801301452 
1088 2482.72014366604 
1089 2482.95905336431 
1090 2483.19478228079 
1091 2483.42737014274 
1092 2483.65685623686 
1093 2483.88327941302 
1094 2484.10667808799 
1095 2484.32709024906 
1096 2484.5445534578 
1097 2484.75910485368 
1098 2484.97078115776 
1099 2485.17961867637 
1100 2485.38565330475 
1101 2485.58892053066 
1102 2485.78945543809 
1103 2485.98729271079 
1104 2486.18246663596 
1105 2486.37501110781 
1106 2486.56495963117 
1107 2486.75234532503 
1108 2486.93720092614 
1109 2487.11955879255 
1110 2487.29945090713 
1111 2487.4769088811 
1112 2487.65196395756 
1113 2487.82464701492 
1114 2487.99498857045 
1115 2488.16301878367 
1116 2488.32876745986 
1117 2488.49226405342 
1118 2488.65353767134 
1119 2488.81261707653 
1120 2488.96953069127 
1121 2489.12430660049 
1122 2489.27697255516 
1123 2489.4275559756 
1124 2489.57608395476 
1125 2489.72258326153 
1126 2489.86708034399 
1127 2490.00960133266 
1128 2490.15017204371 
1129 2490.28881798218 
1130 2490.42556434517 
1131 2490.56043602498 
1132 2490.69345761229 
1133 2490.82465339925 
1134 2490.9540473826 
1135 2491.08166326674 
1136 2491.20752446681 
1137 2491.33165411173 
1138 2491.45407504719 
1139 2491.57480983869 
1140 2491.69388077449 
1141 2491.81130986855 
1142 2491.92711886351 
1143 2492.04132923357 
1144 2492.15396218738 
1145 2492.26503867092 
1146 2492.37457937034 
1147 2492.48260471479 
1148 2492.58913487921 
1149 2492.69418978713 
1150 2492.79778911342 
1151 2492.89995228702 
1152 2493.00069849367 
1153 2493.10004667857 
1154 2493.19801554911 
1155 2493.29462357747 
1156 2493.38988900324 
1157 2493.48382983607 
1158 2493.57646385822 
1159 2493.66780862713 
1160 2493.75788147796 
1161 2493.84669952609 
1162 2493.93427966963 
1163 2494.02063859191 
1164 2494.1057927639 
1165 2494.18975844666 
1166 2494.27255169371 
1167 2494.35418835348 
1168 2494.43468407163 
1169 2494.51405429339 
1170 2494.59231426591 
1171 2494.66947904052 
1172 2494.74556347506 
1173 2494.82058223609 
1174 2494.89454980115 
1175 2494.96748046096 
1176 2495.03938832163 
1177 2495.11028730683 
1178 2495.18019115992 
1179 2495.24911344613 
1180 2495.31706755461 
1181 2495.38406670055 
1182 2495.45012392727 
1183 2495.51525210822 
1184 2495.57946394906 
1185 2495.64277198962 
1186 2495.70518860593 
1187 2495.76672601217 
1188 2495.82739626261 
1189 2495.88721125356 
1190 2495.94618272526 
1191 2496.00432226377 
1192 2496.06164130288 
1193 2496.11815112589 
1194 2496.1738628675 
1195 2496.22878751562 
1196 2496.28293591311 
1197 2496.33631875962 
1198 2496.38894661333 
1199 2496.44082989265 
1200 2496.49197887798 
1201 2496.5424037134 
1202 2496.59211440837 
1203 2496.64112083935 
1204 2496.68943275149 
1205 2496.73705976024 
1206 2496.78401135297 
1207 2496.83029689056 
1208 2496.87592560898 
1209 2496.92090662085 
1210 2496.96524891698 
1211 2497.00896136789 
1212 2497.05205272534 
1213 2497.0945316238 
1214 2497.13640658193 
1215 2497.17768600405 
1216 2497.21837818157 
1217 2497.25849129445 
1218 2497.29803341254 
1219 2497.33701249704 
1220 2497.37543640188 
1221 2497.41331287502 
1222 2497.45064955988 
1223 2497.48745399661 
1224 2497.52373362342 
1225 2497.55949577792 
1226 2497.59474769836 
1227 2497.62949652494 
1228 2497.66374930102 
1229 2497.69751297443 
1230 2497.73079439864 
1231 2497.76360033401 
1232 2497.79593744895 
1233 2497.82781232118 
1234 2497.85923143882 
1235 2497.89020120159 
1236 2497.92072792198 
1237 2497.95081782631 
1238 2497.98047705593 
1239 2498.00971166825 
1240 2498.0385276379 
1241 2498.06693085776 
1242 2498.09492714005 
1243 2498.12252221736 
1244 2498.14972174372 
1245 2498.17653129562 
1246 2498.20295637301 
1247 2498.22900240032 
1248 2498.25467472745 
1249 2498.27997863073 
1250 2498.30491931392 
1251 2498.32950190914 
1252 2498.35373147783 
1253 2498.37761301167 
1254 2498.4011514335 
1255 2498.42435159826 
1256 2498.44721829384 
1257 2498.46975624202 
1258 2498.4919700993 
1259 2498.5138644578 
1260 2498.53544384609 
1261 2498.55671273006 
1262 2498.57767551374 
1263 2498.59833654012 
1264 2498.61870009198 
1265 2498.63877039267 
1266 2498.65855160693 
1267 2498.67804784165 
1268 2498.69726314667 
1269 2498.71620151551 
1270 2498.73486688616 
1271 2498.7532631418 
1272 2498.77139411154 
1273 2498.78926357117 
1274 2498.80687524384 
1275 2498.8242328008 
1276 2498.84133986207 
1277 2498.85819999716 
1278 2498.87481672574 
1279 2498.89119351831 
1280 2498.90733379685 
1281 2498.9232409355 
1282 2498.93891826122 
1283 2498.95436905438 
1284 2498.96959654943 
1285 2498.98460393552 
1286 2498.99939435709 
1287 2499.01397091452 
1288 2499.02833666467 
1289 2499.04249462154 
1290 2499.0564477568 
1291 2499.07019900038 
1292 2499.08375124108 
1293 2499.09710732705 
1294 2499.11027006641 
1295 2499.1232422278 
1296 2499.13602654086 
1297 2499.14862569682 
1298 2499.16104234901 
1299 2499.17327911337 
1300 2499.18533856897 
1301 2499.1972232585 
1302 2499.20893568882 
1303 2499.22047833137 
1304 2499.23185362272 
1305 2499.24306396505 
1306 2499.25411172657 
1307 2499.26499924206 
1308 2499.27572881325 
1309 2499.28630270936 
1310 2499.29672316746 
1311 2499.30699239301 
1312 2499.31711256021 
1313 2499.32708581248 
1314 2499.33691426287 
1315 2499.34659999449 
1316 2499.35614506091 
1317 2499.36555148659 
1318 2499.37482126724 
1319 2499.38395637028 
1320 2499.3929587352 
1321 2499.40183027391 
1322 2499.41057287121 
1323 2499.41918838508 
1324 2499.42767864712 
1325 2499.43604546287 
1326 2499.44429061218 
1327 2499.45241584961 
1328 2499.4604229047 
1329 2499.46831348243 
1330 2499.47608926344 
1331 2499.48375190447 
1332 2499.49130303864 
1333 2499.49874427578 
1334 2499.5060772028 
1335 2499.51330338394 
1336 2499.52042436116 
1337 2499.52744165439 
1338 2499.53435676189 
1339 2499.5411711605 
1340 2499.54788630599 
1341 2499.55450363332 
1342 2499.56102455696 
1343 2499.56745047116 
1344 2499.57378275022 
1345 2499.58002274879 
1346 2499.58617180217 
1347 2499.59223122653 
1348 2499.59820231919 
1349 2499.60408635894 
1350 2499.60988460621 
1351 2499.61559830341 
1352 2499.62122867513 
1353 2499.62677692844 
1354 2499.63224425308 
1355 2499.63763182175 
1356 2499.64294079031 
1357 2499.64817229808 
1358 2499.65332746798 
1359 2499.65840740687 
1360 2499.66341320568 
1361 2499.6683459397 
1362 2499.67320666877 
1363 2499.67799643751 
1364 2499.68271627553 
1365 2499.68736719765 
1366 2499.69195020407 
1367 2499.69646628066 
1368 2499.70091639909 
1369 2499.70530151705 
1370 2499.70962257844 
1371 2499.71388051362 
1372 2499.71807623952 
1373 2499.72221065988 
1374 2499.72628466545 
1375 2499.73029913412 
1376 2499.73425493114 
1377 2499.73815290933 
1378 2499.74199390917 
1379 2499.74577875906 
1380 2499.74950827544 
1381 2499.75318326299 
1382 2499.75680451479 
1383 2499.76037281246 
1384 2499.76388892635 
1385 2499.76735361571 
1386 2499.77076762882 
1387 2499.77413170316 
1388 2499.77744656555 
1389 2499.78071293235 
1390 2499.78393150952 
1391 2499.78710299287 
1392 2499.79022806814 
1393 2499.79330741115 
1394 2499.79634168797 
1395 2499.79933155503 
1396 2499.80227765926 
1397 2499.80518063827 
1398 2499.8080411204 
1399 2499.81085972494 
1400 2499.8136370622 
1401 2499.81637373366 
1402 2499.81907033211 
1403 2499.82172744173 
1404 2499.82434563828 
1405 2499.82692548915 
1406 2499.82946755353 
1407 2499.8319723825 
1408 2499.83444051918 
1409 2499.83687249878 
1410 2499.8392688488 
1411 2499.84163008906 
1412 2499.84395673185 
1413 2499.84624928206 
1414 2499.84850823723 
1415 2499.85073408769 
1416 2499.85292731667 
1417 2499.85508840037 
1418 2499.85721780811 
1419 2499.85931600236 
1420 2499.86138343893 
1421 2499.86342056697 
1422 2499.86542782912 
1423 2499.86740566161 
1424 2499.86935449432 
1425 2499.8712747509 
1426 2499.87316684882 
1427 2499.87503119952 
1428 2499.87686820844 
1429 2499.87867827514 
1430 2499.88046179337 
1431 2499.88221915115 
1432 2499.88395073087 
1433 2499.88565690935 
1434 2499.88733805795 
1435 2499.88899454261 
1436 2499.89062672395 
1437 2499.89223495737 
1438 2499.89381959306 
1439 2499.89538097616 
1440 2499.89691944674 
1441 2499.89843533996 
1442 2499.89992898608 
1443 2499.90140071057 
1444 2499.90285083414 
1445 2499.90427967286 
1446 2499.90568753818 
1447 2499.907074737 
1448 2499.90844157178 
1449 2499.90978834056 
1450 2499.91111533704 
1451 2499.91242285065 
1452 2499.91371116657 
1453 2499.91498056587 
1454 2499.9162313255 
1455 2499.91746371837 
1456 2499.91867801342 
1457 2499.91987447567 
1458 2499.92105336627 
1459 2499.92221494257 
1460 2499.92335945816 
1461 2499.92448716294 
1462 2499.92559830317 
1463 2499.92669312148 
1464 2499.92777185702 
1465 2499.9288347454 
1466 2499.92988201881 
1467 2499.93091390607 
1468 2499.93193063264 
1469 2499.93293242068 
1470 2499.93391948914 
1471 2499.93489205375 
1472 2499.93585032709 
1473 2499.93679451865 
1474 2499.93772483485 
1475 2499.93864147909 
1476 2499.93954465182 
1477 2499.94043455055 
1478 2499.9413113699 
1479 2499.94217530166 
1480 2499.9430265348 
1481 2499.94386525555 
1482 2499.94469164741 
1483 2499.94550589119 
1484 2499.94630816507 
1485 2499.94709864461 
1486 2499.94787750284 
1487 2499.94864491021 
1488 2499.94940103471 
1489 2499.95014604187 
1490 2499.9508800948 
1491 2499.95160335422 
1492 2499.95231597851 
1493 2499.95301812371 
1494 2499.9537099436 
1495 2499.95439158971 
1496 2499.95506321134 
1497 2499.95572495561 
1498 2499.95637696751 
1499 2499.95701938987 
1500 2499.95765236347 
1501 2499.95827602698 
1502 2499.9588905171 
1503 2499.95949596849 
1504 2499.96009251384 
1505 2499.96068028391 
1506 2499.96125940756 
1507 2499.96183001172 
1508 2499.9623922215 
1509 2499.96294616017 
1510 2499.96349194919 
1511 2499.96402970823 
1512 2499.96455955524 
1513 2499.9650816064 
1514 2499.96559597623 
1515 2499.96610277755 
1516 2499.96660212152 
1517 2499.96709411769 
1518 2499.967578874 
1519 2499.96805649681 
1520 2499.9685270909 
1521 2499.96899075956 
1522 2499.96944760451 
1523 2499.96989772602 
1524 2499.97034122289 
1525 2499.97077819245 
1526 2499.97120873061 
1527 2499.97163293189 
1528 2499.9720508894 
1529 2499.97246269491 
1530 2499.97286843883 
1531 2499.97326821025 
1532 2499.97366209694 
1533 2499.97405018539 
1534 2499.97443256085 
1535 2499.97480930727 
1536 2499.97518050742 
1537 2499.9755462428 
1538 2499.97590659377 
1539 2499.97626163948 
1540 2499.97661145791 
1541 2499.97695612594 
1542 2499.97729571927 
1543 2499.97763031252 
1544 2499.97795997921 
1545 2499.97828479178 
1546 2499.97860482161 
1547 2499.97892013902 
1548 2499.97923081332 
1549 2499.97953691278 
1550 2499.97983850468 
1551 2499.98013565532 
1552 2499.98042843001 
1553 2499.9807168931 
1554 2499.98100110803 
1555 2499.98128113726 
1556 2499.98155704237 
1557 2499.98182888402 
1558 2499.98209672198 
1559 2499.98236061515 
1560 2499.98262062155 
1561 2499.98287679837 
1562 2499.98312920194 
1563 2499.98337788777 
1564 2499.98362291056 
1565 2499.9838643242 
1566 2499.98410218179 
1567 2499.98433653566 
1568 2499.98456743736 
1569 2499.98479493767 
1570 2499.98501908666 
1571 2499.98523993364 
1572 2499.98545752719 
1573 2499.98567191519 
1574 2499.98588314482 
1575 2499.98609126255 
1576 2499.98629631419 
1577 2499.98649834485 
1578 2499.98669739899 
1579 2499.98689352043 
1580 2499.98708675233 
1581 2499.98727713722 
1582 2499.98746471699 
1583 2499.98764953295 
1584 2499.98783162578 
1585 2499.98801103555 
1586 2499.98818780176 
1587 2499.98836196333 
1588 2499.9885335586 
1589 2499.98870262534 
1590 2499.98886920079 
1591 2499.98903332162 
1592 2499.98919502397 
1593 2499.98935434343 
1594 2499.9895113151 
1595 2499.98966597354 
1596 2499.98981835281 
1597 2499.98996848647 
1598 2499.99011640758 
1599 2499.99026214872 
1600 2499.99040574199 
1601 2499.99054721902 
1602 2499.99068661096 
1603 2499.99082394853 
1604 2499.99095926197 
1605 2499.99109258109 
1606 2499.99122393527 
1607 2499.99135335343 
1608 2499.99148086409 
1609 2499.99160649534 
1610 2499.99173027487 
1611 2499.99185222993 
1612 2499.99197238741 
1613 2499.99209077378 
1614 2499.99220741512 
1615 2499.99232233713 
1616 2499.99243556515 
1617 2499.99254712412 
1618 2499.99265703862 
1619 2499.99276533288 
1620 2499.99287203077 
1621 2499.9929771558 
1622 2499.99308073113 
1623 2499.99318277961 
1624 2499.99328332371 
1625 2499.99338238561 
1626 2499.99347998713 
1627 2499.99357614979 
1628 2499.99367089479 
1629 2499.99376424301 
1630 2499.99385621503 
1631 2499.99394683113 
1632 2499.99403611128 
1633 2499.99412407517 
1634 2499.99421074218 
1635 2499.99429613143 
1636 2499.99438026175 
1637 2499.99446315168 
1638 2499.99454481949 
1639 2499.9946252832 
1640 2499.99470456055 
1641 2499.99478266902 
1642 2499.99485962582 
1643 2499.99493544795 
1644 2499.9950101521 
1645 2499.99508375476 
1646 2499.99515627216 
1647 2499.99522772029 
1648 2499.9952981149 
1649 2499.99536747154 
1650 2499.99543580548 
1651 2499.9955031318 
1652 2499.99556946535 
1653 2499.99563482076 
1654 2499.99569921245 
1655 2499.99576265463 
1656 2499.99582516127 
1657 2499.99588674618 
1658 2499.99594742293 
1659 2499.99600720491 
1660 2499.99606610532 
1661 2499.99612413713 
1662 2499.99618131317 
1663 2499.99623764603 
1664 2499.99629314814 
1665 2499.99634783176 
1666 2499.99640170894 
1667 2499.99645479158 
1668 2499.99650709137 
1669 2499.99655861988 
1670 2499.99660938845 
1671 2499.9966594083 
1672 2499.99670869046 
1673 2499.9967572458 
1674 2499.99680508505 
1675 2499.99685221875 
1676 2499.9968986573 
1677 2499.99694441096 
1678 2499.99698948982 
1679 2499.99703390383 
1680 2499.99707766279 
1681 2499.99712077635 
1682 2499.99716325403 
1683 2499.99720510521 
1684 2499.99724633912 
1685 2499.99728696486 
1686 2499.9973269914 
1687 2499.99736642758 
1688 2499.99740528208 
1689 2499.9974435635 
1690 2499.99748128028 
1691 2499.99751844075 
1692 2499.9975550531 
1693 2499.99759112543 
1694 2499.99762666568 
1695 2499.99766168171 
1696 2499.99769618125 
1697 2499.99773017191 
1698 2499.99776366119 
1699 2499.99779665649 
1700 2499.99782916509 
1701 2499.99786119417 
1702 2499.9978927508 
1703 2499.99792384194 
1704 2499.99795447446 
1705 2499.99798465511 
1706 2499.99801439058 
1707 2499.99804368741 
1708 2499.99807255207 
1709 2499.99810099095 
1710 2499.99812901031 
1711 2499.99815661635 
1712 2499.99818381516 
1713 2499.99821061274 
1714 2499.99823701501 
1715 2499.9982630278 
1716 2499.99828865686 
1717 2499.99831390784 
1718 2499.99833878631 
1719 2499.99836329778 
1720 2499.99838744766 
1721 2499.99841124127 
1722 2499.99843468387 
1723 2499.99845778064 
1724 2499.99848053667 
1725 2499.998502957 
1726 2499.99852504657 
1727 2499.99854681027 
1728 2499.99856825289 
1729 2499.99858937918 
1730 2499.99861019379 
1731 2499.99863070133 
1732 2499.99865090632 
1733 2499.99867081323 
1734 2499.99869042645 
1735 2499.99870975031 
1736 2499.99872878909 
1737 2499.99874754698 
1738 2499.99876602813 
1739 2499.99878423663 
1740 2499.99880217648 
1741 2499.99881985167 
1742 2499.99883726607 
1743 2499.99885442356 
1744 2499.99887132791 
1745 2499.99888798285 
1746 2499.99890439208 
1747 2499.9989205592 
1748 2499.9989364878 
1749 2499.99895218139 
1750 2499.99896764343 
1751 2499.99898287735 
1752 2499.9989978865 
1753 2499.99901267421 
1754 2499.99902724373 
1755 2499.9990415983 
1756 2499.99905574107 
1757 2499.99906967517 
1758 2499.99908340368 
1759 2499.99909692964 
1760 2499.99911025603 
1761 2499.99912338579 
1762 2499.99913632183 
1763 2499.999149067 
1764 2499.99916162412 
1765 2499.99917399596 
1766 2499.99918618526 
1767 2499.9991981947 
1768 2499.99921002695 
1769 2499.99922168461 
1770 2499.99923317027 
1771 2499.99924448645 
1772 2499.99925563566 
1773 2499.99926662036 
1774 2499.99927744298 
1775 2499.99928810591 
1776 2499.99929861151 
1777 2499.99930896209 
1778 2499.99931915995 
1779 2499.99932920733 
1780 2499.99933910646 
1781 2499.99934885952 
1782 2499.99935846867 
1783 2499.99936793603 
1784 2499.99937726369 
1785 2499.99938645372 
1786 2499.99939550814 
1787 2499.99940442896 
1788 2499.99941321814 
1789 2499.99942187763 
1790 2499.99943040935 
1791 2499.99943881517 
1792 2499.99944709695 
1793 2499.99945525653 
1794 2499.9994632957 
1795 2499.99947121625 
1796 2499.99947901992 
1797 2499.99948670844 
1798 2499.99949428351 
1799 2499.9995017468 
1800 2499.99950909995 
1801 2499.9995163446 
1802 2499.99952348235 
1803 2499.99953051477 
1804 2499.99953744341 
1805 2499.99954426982 
1806 2499.99955099549 
1807 2499.99955762191 
1808 2499.99956415055 
1809 2499.99957058285 
1810 2499.99957692023 
1811 2499.99958316409 
1812 2499.99958931581 
1813 2499.99959537676 
1814 2499.99960134826 
1815 2499.99960723164 
1816 2499.99961302821 
1817 2499.99961873923 
1818 2499.99962436598 
1819 2499.99962990969 
1820 2499.9996353716 
1821 2499.9996407529 
1822 2499.9996460548 
1823 2499.99965127845 
1824 2499.99965642502 
1825 2499.99966149563 
1826 2499.99966649142 
1827 2499.99967141349 
1828 2499.99967626292 
1829 2499.99968104079 
1830 2499.99968574815 
1831 2499.99969038604 
1832 2499.99969495548 
1833 2499.9996994575 
1834 2499.99970389308 
1835 2499.9997082632 
1836 2499.99971256883 
1837 2499.99971681091 
1838 2499.9997209904 
1839 2499.99972510821 
1840 2499.99972916524 
1841 2499.99973316241 
1842 2499.99973710059 
1843 2499.99974098065 
1844 2499.99974480345 
1845 2499.99974856983 
1846 2499.99975228063 
1847 2499.99975593667 
1848 2499.99975953875 
1849 2499.99976308768 
1850 2499.99976658423 
1851 2499.99977002918 
1852 2499.99977342329 
1853 2499.9997767673 
1854 2499.99978006197 
1855 2499.99978330802 
1856 2499.99978650616 
1857 2499.9997896571 
1858 2499.99979276155 
1859 2499.99979582017 
1860 2499.99979883366 
1861 2499.99980180267 
1862 2499.99980472787 
1863 2499.9998076099 
1864 2499.99981044939 
1865 2499.99981324698 
1866 2499.99981600328 
1867 2499.9998187189 
1868 2499.99982139445 
1869 2499.99982403051 
1870 2499.99982662766 
1871 2499.99982918649 
1872 2499.99983170755 
1873 2499.99983419141 
1874 2499.99983663861 
1875 2499.99983904969 
1876 2499.99984142519 
1877 2499.99984376563 
1878 2499.99984607152 
1879 2499.99984834339 
1880 2499.99985058173 
1881 2499.99985278703 
1882 2499.99985495979 
1883 2499.99985710048 
1884 2499.99985920958 
1885 2499.99986128755 
1886 2499.99986333485 
1887 2499.99986535194 
1888 2499.99986733925 
1889 2499.99986929724 
1890 2499.99987122633 
1891 2499.99987312695 
1892 2499.99987499952 
1893 2499.99987684445 
1894 2499.99987866216 
1895 2499.99988045303 
1896 2499.99988221748 
1897 2499.99988395588 
1898 2499.99988566863 
1899 2499.9998873561 
1900 2499.99988901866 
1901 2499.99989065669 
1902 2499.99989227054 
1903 2499.99989386058 
1904 2499.99989542714 
1905 2499.99989697059 
1906 2499.99989849126 
1907 2499.99989998948 
1908 2499.99990146559 
1909 2499.99990291992 
1910 2499.99990435278 
1911 2499.99990576449 
1912 2499.99990715537 
1913 2499.99990852572 
1914 2499.99990987584 
1915 2499.99991120604 
1916 2499.99991251661 
1917 2499.99991380783 
1918 2499.99991508 
1919 2499.99991633339 
1920 2499.99991756828 
1921 2499.99991878494 
1922 2499.99991998365 
1923 2499.99992116467 
1924 2499.99992232825 
1925 2499.99992347467 
1926 2499.99992460416 
1927 2499.99992571698 
1928 2499.99992681338 
1929 2499.99992789359 
1930 2499.99992895787 
1931 2499.99993000643 
1932 2499.99993103952 
1933 2499.99993205736 
1934 2499.99993306018 
1935 2499.9999340482 
1936 2499.99993502163 
1937 2499.9999359807 
1938 2499.99993692561 
1939 2499.99993785658 
1940 2499.99993877381 
1941 2499.9999396775 
1942 2499.99994056785 
1943 2499.99994144506 
1944 2499.99994230932 
1945 2499.99994316083 
1946 2499.99994399976 
1947 2499.99994482632 
1948 2499.99994564068 
1949 2499.99994644302 
1950 2499.99994723351 
1951 2499.99994801234 
1952 2499.99994877967 
1953 2499.99994953568 
1954 2499.99995028053 
1955 2499.99995101439 
1956 2499.99995173741 
1957 2499.99995244977 
1958 2499.9999531516 
1959 2499.99995384309 
1960 2499.99995452436 
1961 2499.99995519558 
1962 2499.99995585689 
1963 2499.99995650844 
1964 2499.99995715038 
1965 2499.99995778284 
1966 2499.99995840596 
1967 2499.99995901989 
1968 2499.99995962476 
1969 2499.9999602207 
1970 2499.99996080784 
1971 2499.99996138632 
1972 2499.99996195626 
1973 2499.99996251778 
1974 2499.99996307102 
1975 2499.9999636161 
1976 2499.99996415313 
1977 2499.99996468223 
1978 2499.99996520352 
1979 2499.99996571712 
1980 2499.99996622314 
1981 2499.99996672169 
1982 2499.99996721288 
1983 2499.99996769682 
1984 2499.99996817362 
1985 2499.99996864338 
1986 2499.99996910621 
1987 2499.9999695622 
1988 2499.99997001147 
1989 2499.9999704541 
1990 2499.99997089021 
1991 2499.99997131987 
1992 2499.99997174319 
1993 2499.99997216027 
1994 2499.99997257119 
1995 2499.99997297604 
1996 2499.99997337492 
1997 2499.99997376791 
1998 2499.9999741551 
1999 2499.99997453657 
2000 2499.99997491242 
2001 2499.99997528272 
2002 2499.99997564755 
2003 2499.99997600699 
2004 2499.99997636113 
2005 2499.99997671005 
2006 2499.99997705381 
2007 2499.9999773925 
2008 2499.9999777262 
2009 2499.99997805496 
2010 2499.99997837888 
2011 2499.99997869801 
2012 2499.99997901243 
2013 2499.99997932221 
2014 2499.99997962742 
2015 2499.99997992813 
2016 2499.99998022439 
2017 2499.99998051628 
2018 2499.99998080387 
2019 2499.99998108721 
2020 2499.99998136637 
2021 2499.9999816414 
2022 2499.99998191238 
2023 2499.99998217936 
2024 2499.9999824424 
2025 2499.99998270155 
2026 2499.99998295688 
2027 2499.99998320844 
2028 2499.99998345629 
2029 2499.99998370048 
2030 2499.99998394107 
2031 2499.9999841781 
2032 2499.99998441164 
2033 2499.99998464173 
2034 2499.99998486842 
2035 2499.99998509177 
2036 2499.99998531182 
2037 2499.99998552862 
2038 2499.99998574222 
2039 2499.99998595267 
2040 2499.99998616002 
2041 2499.9999863643 
2042 2499.99998656557 
2043 2499.99998676386 
2044 2499.99998695923 
2045 2499.99998715172 
2046 2499.99998734136 
2047 2499.99998752821 
2048 2499.9999877123 
2049 2499.99998789367 
2050 2499.99998807236 
2051 2499.99998824842 
2052 2499.99998842188 
2053 2499.99998859277 
2054 2499.99998876115 
2055 2499.99998892704 
2056 2499.99998909048 
2057 2499.99998925151 
2058 2499.99998941016 
2059 2499.99998956647 
2060 2499.99998972047 
2061 2499.9999898722 
2062 2499.99999002169 
2063 2499.99999016898 
2064 2499.99999031409 
2065 2499.99999045706 
2066 2499.99999059791 
2067 2499.99999073669 
2068 2499.99999087342 
2069 2499.99999100813 
2070 2499.99999114086 
2071 2499.99999127162 
2072 2499.99999140046 
2073 2499.99999152739 
2074 2499.99999165245 
2075 2499.99999177566 
2076 2499.99999189706 
2077 2499.99999201666 
2078 2499.9999921345 
2079 2499.9999922506 
2080 2499.99999236498 
2081 2499.99999247768 
2082 2499.99999258871 
2083 2499.9999926981 
2084 2499.99999280588 
2085 2499.99999291207 
2086 2499.99999301669 
2087 2499.99999311977 
2088 2499.99999322133 
2089 2499.99999332138 
2090 2499.99999341996 
2091 2499.99999351709 
2092 2499.99999361278 
2093 2499.99999370705 
2094 2499.99999379994 
2095 2499.99999389146 
2096 2499.99999398162 
2097 2499.99999407046 
2098 2499.99999415798 
2099 2499.99999424421 
2100 2499.99999432917 
2101 2499.99999441287 
2102 2499.99999449534 
2103 2499.99999457659 
2104 2499.99999465664 
2105 2499.99999473552 
2106 2499.99999481322 
2107 2499.99999488978 
2108 2499.99999496521 
2109 2499.99999503953 
2110 2499.99999511274 
2111 2499.99999518488 
2112 2499.99999525596 
2113 2499.99999532598 
2114 2499.99999539497 
2115 2499.99999546294 
2116 2499.99999552991 
2117 2499.9999955959 
2118 2499.9999956609 
2119 2499.99999572495 
2120 2499.99999578805 
2121 2499.99999585022 
2122 2499.99999591147 
2123 2499.99999597182 
2124 2499.99999603128 
2125 2499.99999608986 
2126 2499.99999614758 
2127 2499.99999620444 
2128 2499.99999626047 
2129 2499.99999631566 
2130 2499.99999637005 
2131 2499.99999642363 
2132 2499.99999647642 
2133 2499.99999652843 
2134 2499.99999657967 
2135 2499.99999663015 
2136 2499.99999667989 
2137 2499.9999967289 
2138 2499.99999677718 
2139 2499.99999682475 
2140 2499.99999687162 
2141 2499.9999969178 
2142 2499.99999696329 
2143 2499.99999700812 
2144 2499.99999705228 
2145 2499.99999709579 
2146 2499.99999713866 
2147 2499.99999718089 
2148 2499.9999972225 
2149 2499.9999972635 
2150 2499.99999730389 
2151 2499.99999734369 
2152 2499.9999973829 
2153 2499.99999742153 
2154 2499.99999745959 
2155 2499.99999749708 
2156 2499.99999753403 
2157 2499.99999757043 
2158 2499.99999760629 
2159 2499.99999764162 
2160 2499.99999767643 
2161 2499.99999771073 
2162 2499.99999774452 
2163 2499.99999777781 
2164 2499.99999781061 
2165 2499.99999784293 
2166 2499.99999787477 
2167 2499.99999790614 
2168 2499.99999793705 
2169 2499.9999979675 
2170 2499.9999979975 
2171 2499.99999802706 
2172 2499.99999805618 
2173 2499.99999808487 
2174 2499.99999811314 
2175 2499.99999814099 
2176 2499.99999816843 
2177 2499.99999819546 
2178 2499.9999982221 
2179 2499.99999824834 
2180 2499.9999982742 
2181 2499.99999829967 
2182 2499.99999832477 
2183 2499.9999983495 
2184 2499.99999837386 
2185 2499.99999839786 
2186 2499.99999842151 
2187 2499.99999844481 
2188 2499.99999846777 
2189 2499.99999849038 
2190 2499.99999851267 
2191 2499.99999853462 
2192 2499.99999855625 
2193 2499.99999857756 
2194 2499.99999859856 
2195 2499.99999861924 
2196 2499.99999863962 
2197 2499.9999986597 
2198 2499.99999867949 
2199 2499.99999869898 
2200 2499.99999871818 
2201 2499.9999987371 
2202 2499.99999875574 
2203 2499.99999877411 
2204 2499.9999987922 
2205 2499.99999881003 
2206 2499.9999988276 
2207 2499.9999988449 
2208 2499.99999886195 
2209 2499.99999887875 
2210 2499.9999988953 
2211 2499.99999891161 
2212 2499.99999892767 
2213 2499.9999989435 
2214 2499.99999895909 
2215 2499.99999897446 
2216 2499.9999989896 
2217 2499.99999900451 
2218 2499.99999901921 
2219 2499.99999903368 
2220 2499.99999904795 
2221 2499.999999062 
2222 2499.99999907584 
2223 2499.99999908949 
2224 2499.99999910292 
2225 2499.99999911617 
2226 2499.99999912921 
2227 2499.99999914207 
2228 2499.99999915473 
2229 2499.99999916721 
2230 2499.9999991795 
2231 2499.99999919161 
2232 2499.99999920354 
2233 2499.9999992153 
2234 2499.99999922688 
2235 2499.99999923829 
2236 2499.99999924954 
2237 2499.99999926061 
2238 2499.99999927153 
2239 2499.99999928228 
2240 2499.99999929287 
2241 2499.99999930331 
2242 2499.99999931359 
2243 2499.99999932373 
2244 2499.99999933371 
2245 2499.99999934354 
2246 2499.99999935323 
2247 2499.99999936278 
2248 2499.99999937219 
2249 2499.99999938145 
2250 2499.99999939058 
2251 2499.99999939958 
2252 2499.99999940844 
2253 2499.99999941717 
2254 2499.99999942577 
2255 2499.99999943425 
2256 2499.9999994426 
2257 2499.99999945083 
2258 2499.99999945894 
2259 2499.99999946692 
2260 2499.99999947479 
2261 2499.99999948254 
2262 2499.99999949018 
2263 2499.99999949771 
2264 2499.99999950512 
2265 2499.99999951242 
2266 2499.99999951962 
2267 2499.99999952671 
2268 2499.9999995337 
2269 2499.99999954058 
2270 2499.99999954736 
2271 2499.99999955404 
2272 2499.99999956063 
2273 2499.99999956711 
2274 2499.9999995735 
2275 2499.9999995798 
2276 2499.999999586 
2277 2499.99999959211 
2278 2499.99999959813 
2279 2499.99999960406 
2280 2499.99999960991 
2281 2499.99999961566 
2282 2499.99999962134 
2283 2499.99999962693 
2284 2499.99999963243 
2285 2499.99999963786 
2286 2499.99999964321 
2287 2499.99999964847 
2288 2499.99999965366 
2289 2499.99999965877 
2290 2499.99999966381 
2291 2499.99999966877 
2292 2499.99999967366 
2293 2499.99999967848 
2294 2499.99999968322 
2295 2499.9999996879 
2296 2499.99999969251 
2297 2499.99999969704 
2298 2499.99999970152 
2299 2499.99999970592 
2300 2499.99999971026 
2301 2499.99999971454 
2302 2499.99999971875 
2303 2499.9999997229 
2304 2499.99999972699 
2305 2499.99999973102 
2306 2499.99999973499 
2307 2499.99999973891 
2308 2499.99999974276 
2309 2499.99999974656 
2310 2499.9999997503 
2311 2499.99999975398 
2312 2499.99999975762 
2313 2499.99999976119 
2314 2499.99999976472 
2315 2499.99999976819 
2316 2499.99999977161 
2317 2499.99999977498 
2318 2499.9999997783 
2319 2499.99999978158 
2320 2499.9999997848 
2321 2499.99999978798 
2322 2499.99999979111 
2323 2499.99999979419 
2324 2499.99999979723 
2325 2499.99999980022 
2326 2499.99999980317 
2327 2499.99999980608 
2328 2499.99999980894 
2329 2499.99999981176 
2330 2499.99999981454 
2331 2499.99999981727 
2332 2499.99999981997 
2333 2499.99999982263 
2334 2499.99999982525 
2335 2499.99999982783 
2336 2499.99999983037 
2337 2499.99999983287 
2338 2499.99999983534 
2339 2499.99999983777 
2340 2499.99999984016 
2341 2499.99999984252 
2342 2499.99999984485 
2343 2499.99999984714 
2344 2499.99999984939 
2345 2499.99999985162 
2346 2499.99999985381 
2347 2499.99999985596 
2348 2499.99999985809 
2349 2499.99999986018 
2350 2499.99999986225 
2351 2499.99999986428 
2352 2499.99999986628 
2353 2499.99999986826 
2354 2499.9999998702 
2355 2499.99999987212 
2356 2499.99999987401 
2357 2499.99999987587 
2358 2499.9999998777 
2359 2499.9999998795 
2360 2499.99999988128 
2361 2499.99999988303 
2362 2499.99999988476 
2363 2499.99999988646 
2364 2499.99999988814 
2365 2499.99999988979 
2366 2499.99999989142 
2367 2499.99999989302 
2368 2499.9999998946 
2369 2499.99999989615 
2370 2499.99999989769 
2371 2499.9999998992 
2372 2499.99999990068 
2373 2499.99999990215 
2374 2499.99999990359 
2375 2499.99999990502 
2376 2499.99999990642 
2377 2499.9999999078 
2378 2499.99999990916 
2379 2499.9999999105 
2380 2499.99999991182 
2381 2499.99999991312 
2382 2499.99999991441 
2383 2499.99999991567 
2384 2499.99999991691 
2385 2499.99999991814 
2386 2499.99999991935 
2387 2499.99999992054 
2388 2499.99999992171 
2389 2499.99999992287 
2390 2499.99999992401 
2391 2499.99999992513 
2392 2499.99999992623 
2393 2499.99999992732 
2394 2499.9999999284 
2395 2499.99999992945 
2396 2499.99999993049 
2397 2499.99999993152 
2398 2499.99999993253 
2399 2499.99999993353 
2400 2499.99999993451 
2401 2499.99999993548 
2402 2499.99999993643 
2403 2499.99999993736 
2404 2499.99999993829 
2405 2499.9999999392 
2406 2499.9999999401 
2407 2499.99999994098 
2408 2499.99999994185 
2409 2499.99999994271 
2410 2499.99999994356 
2411 2499.99999994439 
2412 2499.99999994521 
2413 2499.99999994602 
2414 2499.99999994682 
2415 2499.9999999476 
2416 2499.99999994837 
2417 2499.99999994914 
2418 2499.99999994989 
2419 2499.99999995063 
2420 2499.99999995135 
2421 2499.99999995207 
2422 2499.99999995278 
2423 2499.99999995348 
2424 2499.99999995416 
2425 2499.99999995484 
2426 2499.99999995551 
2427 2499.99999995616 
2428 2499.99999995681 
2429 2499.99999995745 
2430 2499.99999995808 
2431 2499.99999995869 
2432 2499.9999999593 
2433 2499.9999999599 
2434 2499.9999999605 
2435 2499.99999996108 
2436 2499.99999996165 
2437 2499.99999996222 
2438 2499.99999996278 
2439 2499.99999996333 
2440 2499.99999996387 
2441 2499.9999999644 
2442 2499.99999996493 
2443 2499.99999996544 
2444 2499.99999996595 
2445 2499.99999996646 
2446 2499.99999996695 
2447 2499.99999996744 
2448 2499.99999996792 
2449 2499.99999996839 
2450 2499.99999996886 
2451 2499.99999996932 
2452 2499.99999996977 
2453 2499.99999997022 
2454 2499.99999997066 
2455 2499.99999997109 
2456 2499.99999997152 
2457 2499.99999997194 
2458 2499.99999997235 
2459 2499.99999997276 
2460 2499.99999997316 
2461 2499.99999997356 
2462 2499.99999997395 
2463 2499.99999997433 
2464 2499.99999997471 
2465 2499.99999997509 
2466 2499.99999997545 
2467 2499.99999997582 
2468 2499.99999997617 
2469 2499.99999997652 
2470 2499.99999997687 
2471 2499.99999997721 
2472 2499.99999997755 
2473 2499.99999997788 
2474 2499.99999997821 
2475 2499.99999997853 
2476 2499.99999997884 
2477 2499.99999997916 
2478 2499.99999997946 
2479 2499.99999997977 
2480 2499.99999998007 
2481 2499.99999998036 
2482 2499.99999998065 
2483 2499.99999998094 
2484 2499.99999998122 
2485 2499.99999998149 
2486 2499.99999998177 
2487 2499.99999998204 
2488 2499.9999999823 
2489 2499.99999998256 
2490 2499.99999998282 
2491 2499.99999998307 
2492 2499.99999998332 
2493 2499.99999998357 
2494 2499.99999998381 
2495 2499.99999998405 
2496 2499.99999998429 
2497 2499.99999998452 
2498 2499.99999998475 
2499 2499.99999998497 
2500 2499.99999998519 
2501 2499.99999998541 
2502 2499.99999998563 
2503 2499.99999998584 
2504 2499.99999998605 
2505 2499.99999998625 
2506 2499.99999998646 
2507 2499.99999998666 
2508 2499.99999998685 
2509 2499.99999998705 
2510 2499.99999998724 
2511 2499.99999998743 
2512 2499.99999998761 
2513 2499.99999998779 
2514 2499.99999998797 
2515 2499.99999998815 
2516 2499.99999998833 
2517 2499.9999999885 
2518 2499.99999998867 
2519 2499.99999998884 
2520 2499.999999989 
2521 2499.99999998916 
2522 2499.99999998932 
2523 2499.99999998948 
2524 2499.99999998964 
2525 2499.99999998979 
2526 2499.99999998994 
2527 2499.99999999009 
2528 2499.99999999023 
2529 2499.99999999038 
2530 2499.99999999052 
2531 2499.99999999066 
2532 2499.9999999908 
2533 2499.99999999093 
2534 2499.99999999107 
2535 2499.9999999912 
2536 2499.99999999133 
2537 2499.99999999146 
2538 2499.99999999158 
2539 2499.99999999171 
2540 2499.99999999183 
2541 2499.99999999195 
2542 2499.99999999207 
2543 2499.99999999218 
2544 2499.9999999923 
2545 2499.99999999241 
2546 2499.99999999253 
2547 2499.99999999264 
2548 2499.99999999274 
2549 2499.99999999285 
2550 2499.99999999296 
2551 2499.99999999306 
2552 2499.99999999316 
2553 2499.99999999326 
2554 2499.99999999336 
2555 2499.99999999346 
2556 2499.99999999356 
2557 2499.99999999365 
2558 2499.99999999375 
2559 2499.99999999384 
2560 2499.99999999393 
2561 2499.99999999402 
2562 2499.99999999411 
2563 2499.99999999419 
2564 2499.99999999428 
2565 2499.99999999436 
2566 2499.99999999445 
2567 2499.99999999453 
2568 2499.99999999461 
2569 2499.99999999469 
2570 2499.99999999477 
2571 2499.99999999484 
2572 2499.99999999492 
2573 2499.999999995 
2574 2499.99999999507 
2575 2499.99999999514 
2576 2499.99999999521 
2577 2499.99999999528 
2578 2499.99999999535 
2579 2499.99999999542 
2580 2499.99999999549 
2581 2499.99999999556 
2582 2499.99999999562 
2583 2499.99999999569 
2584 2499.99999999575 
2585 2499.99999999581 
2586 2499.99999999587 
2587 2499.99999999594 
2588 2499.999999996 
2589 2499.99999999605 
2590 2499.99999999611 
2591 2499.99999999617 
2592 2499.99999999623 
2593 2499.99999999628 
2594 2499.99999999634 
2595 2499.99999999639 
2596 2499.99999999644 
2597 2499.9999999965 
2598 2499.99999999655 
2599 2499.9999999966 
2600 2499.99999999665 
2601 2499.9999999967 
2602 2499.99999999675 
2603 2499.99999999679 
2604 2499.99999999684 
2605 2499.99999999689 
2606 2499.99999999693 
2607 2499.99999999698 
2608 2499.99999999702 
2609 2499.99999999707 
2610 2499.99999999711 
2611 2499.99999999715 
2612 2499.9999999972 
2613 2499.99999999724 
2614 2499.99999999728 
2615 2499.99999999732 
2616 2499.99999999736 
2617 2499.9999999974 
2618 2499.99999999744 
2619 2499.99999999747 
2620 2499.99999999751 
2621 2499.99999999755 
2622 2499.99999999758 
2623 2499.99999999762 
2624 2499.99999999765 
2625 2499.99999999769 
2626 2499.99999999772 
2627 2499.99999999776 
2628 2499.99999999779 
2629 2499.99999999782 
2630 2499.99999999785 
2631 2499.99999999789 
2632 2499.99999999792 
2633 2499.99999999795 
2634 2499.99999999798 
2635 2499.99999999801 
2636 2499.99999999804 
2637 2499.99999999807 
2638 2499.99999999809 
2639 2499.99999999812 
2640 2499.99999999815 
2641 2499.99999999818 
2642 2499.9999999982 
2643 2499.99999999823 
2644 2499.99999999826 
2645 2499.99999999828 
2646 2499.99999999831 
2647 2499.99999999833 
2648 2499.99999999836 
2649 2499.99999999838 
2650 2499.99999999841 
2651 2499.99999999843 
2652 2499.99999999845 
2653 2499.99999999847 
2654 2499.9999999985 
2655 2499.99999999852 
2656 2499.99999999854 
2657 2499.99999999856 
2658 2499.99999999858 
2659 2499.9999999986 
2660 2499.99999999862 
2661 2499.99999999864 
2662 2499.99999999866 
2663 2499.99999999868 
2664 2499.9999999987 
2665 2499.99999999872 
2666 2499.99999999874 
2667 2499.99999999876 
2668 2499.99999999878 
2669 2499.9999999988 
2670 2499.99999999881 
2671 2499.99999999883 
2672 2499.99999999885 
2673 2499.99999999886 
2674 2499.99999999888 
2675 2499.9999999989 
2676 2499.99999999891 
2677 2499.99999999893 
2678 2499.99999999895 
2679 2499.99999999896 
2680 2499.99999999898 
2681 2499.99999999899 
2682 2499.99999999901 
2683 2499.99999999902 
2684 2499.99999999903 
2685 2499.99999999905 
2686 2499.99999999906 
2687 2499.99999999908 
2688 2499.99999999909 
2689 2499.9999999991 
2690 2499.99999999912 
2691 2499.99999999913 
2692 2499.99999999914 
2693 2499.99999999916 
2694 2499.99999999917 
2695 2499.99999999918 
2696 2499.99999999919 
2697 2499.9999999992 
2698 2499.99999999922 
2699 2499.99999999923 
2700 2499.99999999924 
2701 2499.99999999925 
2702 2499.99999999926 
2703 2499.99999999927 
2704 2499.99999999928 
2705 2499.99999999929 
2706 2499.9999999993 
2707 2499.99999999931 
2708 2499.99999999932 
2709 2499.99999999933 
2710 2499.99999999934 
2711 2499.99999999935 
2712 2499.99999999936 
2713 2499.99999999937 
2714 2499.99999999938 
2715 2499.99999999939 
2716 2499.9999999994 
2717 2499.99999999941 
2718 2499.99999999942 
2719 2499.99999999942 
2720 2499.99999999943 
2721 2499.99999999944 
2722 2499.99999999945 
2723 2499.99999999946 
2724 2499.99999999947 
2725 2499.99999999947 
2726 2499.99999999948 
2727 2499.99999999949 
2728 2499.9999999995 
2729 2499.9999999995 
2730 2499.99999999951 
2731 2499.99999999952 
2732 2499.99999999952 
2733 2499.99999999953 
2734 2499.99999999954 
2735 2499.99999999955 
2736 2499.99999999955 
2737 2499.99999999956 
2738 2499.99999999957 
2739 2499.99999999957 
2740 2499.99999999958 
2741 2499.99999999958 
2742 2499.99999999959 
2743 2499.9999999996 
2744 2499.9999999996 
2745 2499.99999999961 
2746 2499.99999999961 
2747 2499.99999999962 
2748 2499.99999999962 
2749 2499.99999999963 
2750 2499.99999999964 
2751 2499.99999999964 
2752 2499.99999999965 
2753 2499.99999999965 
2754 2499.99999999966 
2755 2499.99999999966 
2756 2499.99999999967 
2757 2499.99999999967 
2758 2499.99999999968 
2759 2499.99999999968 
2760 2499.99999999968 
2761 2499.99999999969 
2762 2499.99999999969 
2763 2499.9999999997 
2764 2499.9999999997 
2765 2499.99999999971 
2766 2499.99999999971 
2767 2499.99999999972 
2768 2499.99999999972 
2769 2499.99999999972 
2770 2499.99999999973 
2771 2499.99999999973 
2772 2499.99999999974 
2773 2499.99999999974 
2774 2499.99999999974 
2775 2499.99999999975 
2776 2499.99999999975 
2777 2499.99999999975 
2778 2499.99999999976 
2779 2499.99999999976 
2780 2499.99999999977 
2781 2499.99999999977 
2782 2499.99999999977 
2783 2499.99999999978 
2784 2499.99999999978 
2785 2499.99999999978 
2786 2499.99999999978 
2787 2499.99999999979 
2788 2499.99999999979 
2789 2499.99999999979 
2790 2499.9999999998 
2791 2499.9999999998 
2792 2499.9999999998 
2793 2499.9999999998 
2794 2499.99999999981 
2795 2499.99999999981 
2796 2499.99999999981 
2797 2499.99999999982 
2798 2499.99999999982 
2799 2499.99999999982 
2800 2499.99999999982 
2801 2499.99999999983 
2802 2499.99999999983 
2803 2499.99999999983 
2804 2499.99999999983 
2805 2499.99999999984 
2806 2499.99999999984 
2807 2499.99999999984 
2808 2499.99999999984 
2809 2499.99999999984 
2810 2499.99999999985 
2811 2499.99999999985 
2812 2499.99999999985 
2813 2499.99999999985 
2814 2499.99999999986 
2815 2499.99999999986 
2816 2499.99999999986 
2817 2499.99999999986 
2818 2499.99999999986 
2819 2499.99999999987 
2820 2499.99999999987 
2821 2499.99999999987 
2822 2499.99999999987 
2823 2499.99999999987 
2824 2499.99999999987 
2825 2499.99999999988 
2826 2499.99999999988 
2827 2499.99999999988 
2828 2499.99999999988 
2829 2499.99999999988 
2830 2499.99999999988 
2831 2499.99999999989 
2832 2499.99999999989 
2833 2499.99999999989 
2834 2499.99999999989 
2835 2499.99999999989 
2836 2499.99999999989 
2837 2499.9999999999 
2838 2499.9999999999 
2839 2499.9999999999 
2840 2499.9999999999 
2841 2499.9999999999 
2842 2499.9999999999 
2843 2499.9999999999 
2844 2499.99999999991 
2845 2499.99999999991 
2846 2499.99999999991 
2847 2499.99999999991 
2848 2499.99999999991 
2849 2499.99999999991 
2850 2499.99999999991 
2851 2499.99999999991 
2852 2499.99999999992 
2853 2499.99999999992 
2854 2499.99999999992 
2855 2499.99999999992 
2856 2499.99999999992 
2857 2499.99999999992 
2858 2499.99999999992 
2859 2499.99999999993 
2860 2499.99999999993 
2861 2499.99999999993 
2862 2499.99999999993 
2863 2499.99999999993 
2864 2499.99999999993 
2865 2499.99999999993 
2866 2499.99999999993 
2867 2499.99999999993 
2868 2499.99999999993 
2869 2499.99999999994 
2870 2499.99999999994 
2871 2499.99999999994 
2872 2499.99999999994 
2873 2499.99999999994 
2874 2499.99999999994 
2875 2499.99999999994 
2876 2499.99999999994 
2877 2499.99999999994 
2878 2499.99999999994 
2879 2499.99999999994 
2880 2499.99999999994 
2881 2499.99999999995 
2882 2499.99999999995 
2883 2499.99999999995 
2884 2499.99999999995 
2885 2499.99999999995 
2886 2499.99999999995 
2887 2499.99999999995 
2888 2499.99999999995 
2889 2499.99999999995 
2890 2499.99999999995 
2891 2499.99999999995 
2892 2499.99999999995 
2893 2499.99999999995 
2894 2499.99999999995 
2895 2499.99999999995 
2896 2499.99999999995 
2897 2499.99999999996 
2898 2499.99999999996 
2899 2499.99999999996 
2900 2499.99999999996 
2901 2499.99999999996 
2902 2499.99999999996 
2903 2499.99999999996 
2904 2499.99999999996 
2905 2499.99999999996 
2906 2499.99999999996 
2907 2499.99999999996 
2908 2499.99999999996 
2909 2499.99999999996 
2910 2499.99999999996 
2911 2499.99999999996 
2912 2499.99999999996 
2913 2499.99999999996 
2914 2499.99999999996 
2915 2499.99999999997 
2916 2499.99999999997 
2917 2499.99999999997 
2918 2499.99999999997 
2919 2499.99999999997 
2920 2499.99999999997 
2921 2499.99999999997 
2922 2499.99999999997 
2923 2499.99999999997 
2924 2499.99999999997 
2925 2499.99999999997 
2926 2499.99999999997 
2927 2499.99999999997 
2928 2499.99999999997 
2929 2499.99999999997 
2930 2499.99999999997 
2931 2499.99999999997 
2932 2499.99999999997 
2933 2499.99999999997 
2934 2499.99999999997 
2935 2499.99999999997 
2936 2499.99999999997 
2937 2499.99999999997 
2938 2499.99999999997 
2939 2499.99999999997 
2940 2499.99999999997 
2941 2499.99999999997 
2942 2499.99999999997 
2943 2499.99999999997 
2944 2499.99999999997 
2945 2499.99999999997 
2946 2499.99999999998 
2947 2499.99999999997 
2948 2499.99999999998 
2949 2499.99999999998 
2950 2499.99999999998 
2951 2499.99999999998 
2952 2499.99999999998 
2953 2499.99999999998 
2954 2499.99999999998 
2955 2499.99999999998 
2956 2499.99999999998 
2957 2499.99999999998 
2958 2499.99999999998 
2959 2499.99999999998 
2960 2499.99999999998 
2961 2499.99999999998 
2962 2499.99999999998 
2963 2499.99999999998 
2964 2499.99999999998 
2965 2499.99999999998 
2966 2499.99999999998 
2967 2499.99999999998 
2968 2499.99999999998 
2969 2499.99999999998 
2970 2499.99999999998 
2971 2499.99999999998 
2972 2499.99999999998 
2973 2499.99999999998 
2974 2499.99999999998 
2975 2499.99999999998 
2976 2499.99999999998 
2977 2499.99999999998 
2978 2499.99999999998 
2979 2499.99999999998 
2980 2499.99999999998 
2981 2499.99999999998 
2982 2499.99999999998 
2983 2499.99999999998 
2984 2499.99999999998 
2985 2499.99999999998 
2986 2499.99999999998 
2987 2499.99999999998 
2988 2499.99999999998 
2989 2499.99999999998 
2990 2499.99999999998 
2991 2499.99999999998 
2992 2499.99999999998 
2993 2499.99999999998 
2994 2499.99999999998 
2995 2499.99999999999 
2996 2499.99999999999 
2997 2499.99999999999 
2998 2499.99999999999 
2999 2499.99999999999 
