0	0.0	0.0	0.0	0.0
9	1.036	0.1969303509524433	1.036	0.1969303509524433
18	1.124	0.3961538536370751	1.616	0.6674090722633929
27	1.2	0.49849472814462	2.228	0.9848633975448825
36	1.288	0.5914013113124142	2.932	1.2769640850662554
45	1.39	0.7147879711406523	3.714	1.652169279055062
54	1.484	0.8093541302893509	4.422	2.054350679272367
63	1.598	0.9285043028876928	5.202	2.444821118323639
72	1.706	1.0323252349824497	6.096	2.9223045233949967
81	1.816	1.157940262406747	7.04	3.501846063393338
90	1.944	1.2838069639323821	8.048	4.124526571484019
99	2.064	1.419836565152306	9.064	4.854176558400013
108	2.2	1.5377676869143297	10.156	5.564313719979198
117	2.36	1.6564684650035135	11.39	6.393406861963758
126	2.538	1.8295492617040974	12.72	7.2869609302643035
135	2.73	2.061455601849522	14.08	8.301773236950993
144	2.902	2.1959144063829825	15.618	9.416018202913332
153	3.186	2.475410939346691	17.262	10.592722385443226
162	3.43	2.7568642696372274	19.032	11.86864378987008
171	3.672	3.0143969842004408	20.9	13.3032308821507
180	3.956	3.3244801603669396	22.942	14.867707740836636
189	4.256	3.628884346904215	25.154	16.526843531486247
198	4.564	3.9131226735327633	27.482	18.469214921040887
207	4.896	4.221946667987962	29.944	20.40199369408261
216	5.268	4.621134684419314	32.664	22.776933098262493
225	5.672	5.021039501472847	35.564	25.203737038809223
234	6.114	5.425853275525896	38.65	27.79338851039539
243	6.542	5.870362707417084	41.938	30.782157794361233
252	6.936	6.235516605275732	45.4	33.72599717979504
261	7.436	6.797228009801824	49.034	36.88671988952687
270	7.996	7.391430883191837	53.11	40.471542984956294
279	8.592	7.961929454678844	57.192	43.855692669927336
288	9.252	8.520192683662355	61.85	47.92976136022482
297	9.94	9.150949664352822	66.804	52.13191976242801
306	10.632	9.763976981383447	72.016	56.53033789218322
315	11.44	10.52120675508121	77.56	61.17030335076043
324	12.254	11.265313959104482	83.622	66.40797508062278
333	13.202	12.173478679750202	90.07	71.87824472069593
342	14.16	13.077325141852652	96.978	77.84531651040552
351	15.124	13.870450706650134	104.372	84.07183692252156
360	16.146	14.816468522524453	112.096	90.61884093644836
369	17.284	15.891646637958294	120.35	97.50864254383531
378	18.478	17.04460480932933	129.196	105.08695504314746
387	19.758	18.23316573350143	138.484	112.83748641600167
396	21.178	19.549903156457173	148.642	121.2551832910655
405	22.548	20.648011447921725	158.924	129.55212746791506
414	24.12	21.84729293108951	170.11	138.60479240254972
423	25.754	23.232757176280746	181.94	148.2719580604984
432	27.646	24.77426512381042	194.382	158.1991720334343
441	29.57	26.397324437809043	207.454	168.1176462181763
450	31.612	28.056082112208284	221.568	179.16595171099056
459	33.712	29.822270060865026	236.182	190.24899009578192
468	35.994	31.710014412296562	251.768	202.15241124147272
477	38.35	33.60664090065012	268.008	214.30775899890864
486	40.94	35.66269838517864	285.372	227.08401069169017
495	43.57	37.65023479821503	303.49	240.18783961015424
504	46.278	39.74897077101131	322.9	253.94664754550175
513	49.054	41.78170059978435	342.772	267.6897525555404
522	52.184	44.143486936101404	363.506	281.67200108706726
531	55.494	46.54945399609613	385.212	295.9343192308003
540	58.82	48.80425504626869	407.866	310.3630817752945
549	62.562	51.44172097932405	431.514	325.14595120217376
558	66.41	54.07163195951766	456.532	340.46949927397577
567	70.29	56.50305381287246	482.522	355.45589783630436
576	74.26	59.221370648465786	509.406	370.87037470478475
585	78.538	61.90716881833801	537.086	386.42787115218084
594	82.852	64.4825099090314	565.466	401.6788875475071
603	87.446	67.37258503596887	594.594	416.6066434356386
612	92.26	70.25493514212117	625.024	431.76708658502025
621	97.148	72.73364050370256	656.474	446.9003077803689
630	102.488	75.59984476874354	688.836	461.58630931375313
639	107.554	78.02681238460157	721.816	476.2178040958524
648	112.826	80.52475517747808	755.258	490.3988024116836
657	118.094	82.99666292154292	789.636	504.07775220151194
666	123.492	85.47414577046317	824.418	517.0271224672196
675	129.434	88.05785607219873	859.966	529.6736894339356
684	135.67	90.66795716742399	896.314	541.9945826844753
693	141.782	93.25427172193658	933.414	553.5796052626267
702	148.062	95.62220122300818	970.576	564.4424281833062
711	154.594	98.08495542621166	1008.484	574.6643541964024
720	160.952	100.24104063933555	1046.612	584.2874850502731
729	167.36	102.19054856704152	1084.948	593.3372155855366
738	174.174	104.06514706503484	1123.516	601.1648726866073
747	180.692	105.73940978444664	1162.224	608.8090034068638
756	187.526	107.61281689799517	1200.69	614.8556259656107
765	194.768	109.81419074499414	1239.352	620.5345521054517
774	201.994	111.76115190059689	1278.124	625.1370804573389
783	209.438	113.49599480895951	1317.072	628.8100149375576
792	216.71	114.93740520051968	1355.68	631.78355987875
801	223.69	116.07915679088367	1393.532	633.6202286577729
810	230.69	117.211821597672	1431.446	634.6223460675308
819	237.93	118.4061194290078	1468.866	634.816294292292
828	244.638	119.22568718598319	1505.702	634.7476903911619
837	251.838	120.05309344824474	1541.84	633.531096079268
846	258.688	120.78946496152462	1577.596	631.5242216011496
855	265.382	120.99123039155904	1612.892	628.9217068624088
864	272.488	121.31906068285366	1647.586	625.491789363475
873	279.748	121.7330125672465	1681.986	621.2149884925956
882	286.786	121.95174726637842	1715.332	616.6143042261933
891	293.618	121.79826645491644	1748.028	611.1933850458852
900	300.228	121.97774040499607	1779.546	605.3969034488124
909	306.688	121.37328208138072	1810.34	598.9416387037605
918	313.548	120.94722882447803	1840.784	592.0065479787364
927	319.976	120.23335453644371	1870.452	584.420672753354
936	326.306	119.78123163042619	1899.186	576.2235212979373
945	332.258	118.87795157530883	1926.6	568.2062554190999
954	338.758	118.20134750968877	1953.39	559.4089475877935
963	344.534	116.74376667778131	1978.93	550.4132871518879
972	350.414	115.61860545714826	2003.718	541.2069367374604
981	356.21	114.2849070523309	2027.786	531.8090389527274
990	361.568	113.02457469493055	2051.286	522.2596120789138
999	366.946	111.27313469571172	2073.466	512.0425959665548
1008	371.578	109.7654080555947	2095.286	502.0199241189785
1017	376.58	108.38430659385922	2116.196	491.80394042304226
1026	381.858	107.00355769187041	2136.248	481.3570980131228
1035	386.948	105.70170763992412	2155.564	470.72583477758474
1044	391.432	103.80331223647218	2173.886	460.49593920473205
1053	395.97	102.20230781859529	2191.302	449.98596147774896
1062	400.154	100.55596096986571	2207.688	439.67173792530804
1071	404.4	98.9454617899053	2223.63	429.1955110125766
1080	408.79	97.61407129009451	2238.732	419.0629112952452
1089	412.958	95.74561442365248	2253.182	408.6637358194972
1098	416.686	93.89615743341962	2266.81	398.55877369866573
1107	420.352	92.21763540972584	2279.914	388.3969141610938
1116	423.894	90.69782221149421	2292.168	378.64858282390173
1125	427.5	88.64392529091863	2303.81	369.11692525406914
1134	431.152	86.77139763132656	2314.942	359.69873087068265
1143	434.134	84.69343540086204	2325.798	349.80052889615826
1152	436.906	82.92871340503257	2336.246	340.0471284736373
1161	440.418	81.5938379093026	2345.92	330.6816388803364
1170	443.108	79.72359776176786	2354.832	321.48973712726246
1179	446.308	78.22490272805473	2363.396	312.2804658679846
1188	449.31	76.31467591177355	2371.588	303.8016213028042
1197	451.522	74.23715934527203	2379.342	295.1864276862683
1206	453.014	72.44007822930435	2386.49	286.6410369576142
1215	455.07	70.9894929988408	2393.346	278.6579890002569
1224	457.344	69.27186186101383	2399.932	270.13327701470126
1233	459.29	67.69075251429776	2405.976	262.02838237553715
1242	461.926	66.25072710305423	2411.778	254.0378538296147
1251	463.72	64.86154206676368	2417.04	246.27875436118995
1260	465.862	63.23274243167744	2422.162	238.91374869318287
1269	467.196	61.8270065706158	2426.994	231.77772064539582
1278	468.474	60.13879507727682	2431.412	224.66302143967698
1287	470.486	58.911824025572635	2435.694	217.51076808393887
1296	472.088	57.75766747631527	2439.694	210.96562125308813
1305	473.69	56.15589790698284	2443.422	204.34685019929375
1314	475.152	54.87085307368631	2446.944	197.94955143628795
1323	476.618	53.56100857226789	2450.26	191.83061896565306
1332	477.592	52.292471170161434	2453.312	186.16760031437687
1341	479.008	50.794409930230685	2456.1	180.49869128364986
1350	480.42	49.166964323227454	2458.826	174.7177962907081
1359	481.53	47.860949017771915	2461.406	169.05894539490083
1368	482.806	46.96940081826094	2463.856	163.7748444155168
1377	483.854	46.18409493808988	2466.028	158.72019220889806
1386	484.856	45.46265467325774	2468.126	153.8359943261022
1395	485.54	44.21300690927864	2470.134	149.00131148970246
1404	485.984	42.874890746368386	2472.12	144.0155775364114
1413	487.132	41.635147977330234	2473.872	139.2454890775888
1422	487.938	40.47119953725079	2475.56	134.35994786833737
1431	488.424	39.61007624684104	2477.188	129.6642212661346
1440	488.432	38.37962176381454	2478.642	125.5489821936436
1449	488.304	37.32406402726024	2480.05	121.04996359922986
1458	488.994	36.265193954881454	2481.348	116.97143038816809
1467	489.322	35.276155264718405	2482.49	112.96901298936675
1476	490.104	34.563368424876444	2483.632	109.08039990432069
1485	489.982	33.75589722099516	2484.606	105.48591052191344
1494	490.688	33.51060395090348	2485.558	101.84792897881947
1503	491.448	32.85456041831272	2486.516	98.26434504444649
1512	491.96	32.51277535250175	2487.39	94.77564426312802
1521	492.33	31.83155031082183	2488.198	91.30989974577363
1530	492.678	31.1429298583213	2488.956	88.33819863840044
1539	493.166	30.543022057301158	2489.696	84.9006231757541
1548	493.664	30.214117392033156	2490.382	81.55313546276163
1557	493.894	29.654029860609867	2491.048	78.6130633129558
1566	494.126	29.069713112462626	2491.632	75.52231336255039
1575	494.132	28.309670625102708	2492.186	72.71469078881569
1584	494.912	27.886692008597297	2492.748	69.15537164135382
1593	495.102	27.65344503030478	2493.28	65.97459278985833
1602	495.676	27.23024046886079	2493.708	63.20440118106778
1611	495.346	26.849507931288123	2494.084	60.57166662388627
1620	495.342	26.405141525808872	2494.472	58.09843433470786
1629	495.8	26.131929808397686	2494.858	55.498991992868476
1638	495.888	25.571140421281378	2495.19	53.146957562934666
1647	496.092	24.628126710135724	2495.504	50.71261700056622
1656	496.074	25.069213288609983	2495.886	47.3564596707259
1665	496.392	24.84126633298012	2496.216	44.335500642650224
1674	496.516	24.51357940306352	2496.494	42.07820236450807
1683	496.58	24.17694458153465	2496.742	40.091821413956886
1692	496.568	23.864374971609266	2496.992	38.02678014263125
1701	496.806	23.460373873503578	2497.248	35.684692664798746
1710	497.288	23.537227069394408	2497.436	33.817645842676974
1719	497.452	22.7376713715103	2497.626	31.813303767342017
1728	497.436	22.78324068503478	2497.766	30.18863945102189
1737	497.362	22.337701354517364	2497.966	27.708995305526535
1746	497.128	22.142995291535478	2498.142	25.91364254093761
1755	497.08	21.54999779140637	2498.256	24.641120787563935
1764	497.698	21.254135422197017	2498.416	22.663411137973615
1773	497.108	21.404219612834954	2498.546	21.173486180458717
1782	497.29	21.15260658952135	2498.684	19.50582216150837
1791	497.39	21.17892806513058	2498.788	18.262367978121848
1800	496.864	20.986528363345165	2498.874	17.128832938518286
1809	497.236	21.720955407339137	2498.946	16.150317318833157
1818	497.248	21.458878417239138	2499.032	14.983858248663166
1827	497.502	21.210416297636364	2499.11	13.593655687485446
1836	497.254	21.30260749702591	2499.192	12.24724974239146
1845	497.488	21.443822678387452	2499.26	11.232485810137868
1854	497.526	21.652320197611154	2499.312	10.510928371483619
1863	497.174	21.831925933823623	2499.368	9.649808994340612
1872	497.36	22.47702902225592	2499.418	8.92112374635598
1881	497.266	22.288490249345976	2499.48	8.04655790934098
1890	497.706	21.631815339211354	2499.536	7.183865243702585
1899	497.34	21.0991646635358	2499.59	6.450823687910262
1908	497.35	21.175086033758493	2499.616	6.03368500250201
1917	497.234	20.859469766940773	2499.652	5.441517824326665
1926	497.298	20.51357622695854	2499.674	5.04446401855235
1935	497.614	20.21866942175901	2499.694	4.729598524653912
1944	497.814	20.515681572415804	2499.73	4.100087979895699
1953	497.974	20.17511821005218	2499.752	3.782474087213432
1962	497.938	19.844741962724893	2499.766	3.5609837419483465
1971	497.238	19.853101704635204	2499.782	3.246468097828799
1980	497.32	19.644883376741426	2499.802	2.96722173246608
1989	497.632	19.71278172980805	2499.82	2.704483029511173
1998	497.958	19.07112087168987	2499.84	2.4646600370429144
2007	497.45	19.9050728169403	2499.852	2.279580877695731
2016	497.962	19.81772035528205	2499.868	1.965273670815976
2025	498.006	19.862905982462294	2499.884	1.694782752199887
2034	498.274	19.403192824470064	2499.886	1.6511986294288108
2043	498.248	19.820903926534978	2499.902	1.4228298878571313
2052	498.392	20.137959450292954	2499.912	1.3250537857272477
2061	498.586	19.98262281155449	2499.92	1.1918225043031885
2070	498.312	19.67375839892007	2499.924	1.1785592916811543
2079	498.188	19.75371038940018	2499.932	1.0457356866113499
2088	498.652	19.973903214425537	2499.94	0.9132733086390715
2097	499.368	20.035954055393013	2499.946	0.782501512608433
2106	499.56	19.91249393796918	2499.952	0.7312766446852563
2115	499.808	19.457654963364597	2499.956	0.6441224942316186
2124	499.908	19.74191029368962	2499.96	0.5959112521515942
2133	499.782	19.34991769050346	2499.962	0.5943589193829703
2142	499.534	19.996213168551794	2499.962	0.5943589193829703
2151	499.412	19.719126346970224	2499.97	0.4212539730609584
2160	498.96	20.303666608657444	2499.972	0.3788179061396357
2169	499.136	20.38068321958305	2499.972	0.3788179061396357
2178	498.714	20.61966403921705	2499.98	0.28241727822156343
2187	498.942	20.436583469058004	2499.982	0.24039880025976454
2196	500.042	20.276649650326465	2499.984	0.1995586312204773
2205	499.574	20.149653621890486	2499.988	0.1546085625546997
2214	500.016	20.264180665303787	2499.988	0.1546085625546997
2223	500.014	19.886395889727382	2499.988	0.1546085625546997
2232	499.55	19.906582933496562	2499.988	0.1546085625546997
2241	499.088	19.627091007146365	2499.99	0.11801633662939508
2250	499.096	19.22889192255077	2499.992	0.08917344788453127
2259	499.848	18.65778985422681	2499.992	0.08917344788453127
2268	499.458	19.08383140887817	2499.994	0.07730428127735015
2277	500.058	19.389133890559723	2499.994	0.07730428127735015
2286	500.01	19.07032392249848	2499.996	0.06318214912406735
2295	500.25	19.294664240050214	2499.996	0.06318214912406735
2304	500.04	19.64306748449439	2499.998	0.04472135954999554
2313	499.698	19.648891925699402	2499.998	0.04472135954999554
2322	499.664	19.55392072274157	2500.0	0.0
2331	499.052	19.918403087675646	2500.0	0.0
2340	499.07	20.02035787539567	2500.0	0.0
2349	499.206	19.521006721140527	2500.0	0.0
2358	499.244	19.603087156162537	2500.0	0.0
2367	499.56	19.94567773028132	2500.0	0.0
2376	499.602	19.369510884475325	2500.0	0.0
2385	499.092	19.665935880810146	2500.0	0.0
2394	498.868	19.411238196897006	2500.0	0.0
2403	498.744	19.609884219909013	2500.0	0.0
2412	498.558	19.146901673309298	2500.0	0.0
2421	498.796	19.751725121886984	2500.0	0.0
2430	498.27	19.928356147899272	2500.0	0.0
2439	499.006	19.91147653479247	2500.0	0.0
2448	499.394	19.770495922410138	2500.0	0.0
2457	499.036	19.59087309481724	2500.0	0.0
2466	499.152	19.46912915309671	2500.0	0.0
2475	499.408	19.658750441924727	2500.0	0.0
2484	499.136	19.628143877201648	2500.0	0.0
2493	499.17	19.62149602381085	2500.0	0.0
2502	499.17	19.428536642581825	2500.0	0.0
2511	498.852	19.346904181362085	2500.0	0.0
2520	498.53	19.35122838685339	2500.0	0.0
2529	498.65	20.169907047396137	2500.0	0.0
2538	498.524	19.82512282408307	2500.0	0.0
2547	498.77	19.571284330382664	2500.0	0.0
2556	498.724	19.678778739173094	2500.0	0.0
2565	498.562	20.092126395336365	2500.0	0.0
2574	498.404	20.082913903657598	2500.0	0.0
2583	498.328	19.935175907850777	2500.0	0.0
2592	498.678	19.613252543897506	2500.0	0.0
2601	498.166	19.92205362006844	2500.0	0.0
2610	498.234	20.276822805513017	2500.0	0.0
2619	498.468	20.338936074467682	2500.0	0.0
2628	498.586	20.303178127676656	2500.0	0.0
2637	498.326	20.289975115321365	2500.0	0.0
2646	498.678	20.568140723596095	2500.0	0.0
2655	498.73	20.478178913742443	2500.0	0.0
2664	499.008	19.938882970422792	2500.0	0.0
2673	498.858	20.65863971295252	2500.0	0.0
2682	498.418	20.742994471369816	2500.0	0.0
2691	498.122	20.606123863583925	2500.0	0.0
2700	498.996	20.54205286410644	2500.0	0.0
2709	499.142	20.489643407681537	2500.0	0.0
2718	499.432	20.759848714219338	2500.0	0.0
2727	499.55	20.741647279416547	2500.0	0.0
2736	499.674	20.405403327793827	2500.0	0.0
2745	499.204	20.044699147850917	2500.0	0.0
2754	498.498	20.17463823854377	2500.0	0.0
2763	498.224	20.374003633260116	2500.0	0.0
2772	498.386	20.198538707833887	2500.0	0.0
2781	498.352	19.939892040559755	2500.0	0.0
2790	497.904	20.52357713550135	2500.0	0.0
2799	498.332	20.383442925349534	2500.0	0.0
2808	498.562	20.93692589019369	2500.0	0.0
2817	498.236	20.417984527968688	2500.0	0.0
2826	498.814	20.393901697637585	2500.0	0.0
2835	498.468	20.41495816880525	2500.0	0.0
2844	498.552	20.665464399274345	2500.0	0.0
2853	498.652	20.535489003606276	2500.0	0.0
2862	498.78	20.56632069900176	2500.0	0.0
2871	498.3	20.349402851012265	2500.0	0.0
2880	498.45	19.812738053544177	2500.0	0.0
2889	499.19	20.038587524572684	2500.0	0.0
2898	499.376	19.254508464055487	2500.0	0.0
2907	500.096	19.975806609481346	2500.0	0.0
2916	500.43	19.89826580292684	2500.0	0.0
2925	500.59	19.429176147524714	2500.0	0.0
2934	499.954	19.286259450894427	2500.0	0.0
2943	499.672	19.739090135026924	2500.0	0.0
2952	499.892	19.453153635663956	2500.0	0.0
2961	499.434	19.89132911466441	2500.0	0.0
2970	499.098	19.71603001822017	2500.0	0.0
2979	498.858	20.29772971697393	2500.0	0.0
2988	499.094	20.48092039436706	2500.0	0.0
2997	498.938	20.23504559274035	2500.0	0.0
3006	499.338	19.849326121936492	2500.0	0.0
3015	500.14	20.32867211156792	2500.0	0.0
3024	499.692	19.52392130198265	2500.0	0.0
3033	499.492	19.658250930825933	2500.0	0.0
3042	499.916	19.811560763346222	2500.0	0.0
3051	500.632	20.706571425525777	2500.0	0.0
3060	500.786	20.222812075883834	2500.0	0.0
3069	500.87	20.518262553062158	2500.0	0.0
3078	500.86	20.826807528367073	2500.0	0.0
3087	500.952	21.163872874076237	2500.0	0.0
3096	501.01	20.701860642660513	2500.0	0.0
3105	501.126	19.911379914516235	2500.0	0.0
3114	500.928	19.618884199527518	2500.0	0.0
3123	500.916	19.582745257589583	2500.0	0.0
3132	500.566	19.53747860242669	2500.0	0.0
3141	500.362	19.00898838125157	2500.0	0.0
3150	500.444	19.81889101039117	2500.0	0.0
3159	500.19	19.5323558704961	2500.0	0.0
3168	500.554	20.13797805939418	2500.0	0.0
3177	500.312	19.784577706639595	2500.0	0.0
3186	501.004	19.69171173418004	2500.0	0.0
3195	500.772	19.67919096696377	2500.0	0.0
3204	500.78	19.543271961417197	2500.0	0.0
3213	500.508	19.767535174972817	2500.0	0.0
3222	501.022	20.032176421556617	2500.0	0.0
3231	500.868	20.372743392746433	2500.0	0.0
3240	501.092	20.200188891753584	2500.0	0.0
3249	500.498	20.230980726655943	2500.0	0.0
3258	500.606	20.21742447753941	2500.0	0.0
3267	500.744	20.805003252118016	2500.0	0.0
3276	501.524	20.897915440049957	2500.0	0.0
3285	501.19	20.583032391872912	2500.0	0.0
3294	501.15	20.209313018144144	2500.0	0.0
3303	500.658	20.86373953188902	2500.0	0.0
3312	500.476	20.47818684045402	2500.0	0.0
3321	500.034	20.59614639909578	2500.0	0.0
3330	500.04	19.980210650422844	2500.0	0.0
3339	500.154	19.655507165266627	2500.0	0.0
3348	499.878	19.6423715860139	2500.0	0.0
3357	499.852	19.833629059840938	2500.0	0.0
3366	500.352	19.95867715023153	2500.0	0.0
3375	500.538	19.73289970230738	2500.0	0.0
3384	500.202	20.052466152510885	2500.0	0.0
3393	500.214	20.2584553712285	2500.0	0.0
3402	500.418	20.742124951291522	2500.0	0.0
3411	500.206	20.488120708848836	2500.0	0.0
3420	499.682	20.60461055084283	2500.0	0.0
3429	499.874	20.07695924648875	2500.0	0.0
3438	499.562	19.71770096798625	2500.0	0.0
3447	499.148	19.100359773757507	2500.0	0.0
3456	499.004	19.42231800979861	2500.0	0.0
3465	499.566	19.526500260539503	2500.0	0.0
3474	499.342	19.412437287545476	2500.0	0.0
3483	499.502	19.48726514947677	2500.0	0.0
3492	499.78	19.47527079002214	2500.0	0.0
3501	500.37	19.87821387281933	2500.0	0.0
3510	500.86	19.463763154958087	2500.0	0.0
3519	500.902	19.379875002440553	2500.0	0.0
3528	500.662	19.762613130745414	2500.0	0.0
3537	500.352	19.81346114349964	2500.0	0.0
3546	500.104	19.56145406072718	2500.0	0.0
3555	500.16	19.92557293815732	2500.0	0.0
3564	500.086	20.020495610473226	2500.0	0.0
3573	500.044	20.055485758715392	2500.0	0.0
3582	499.568	20.192197147693033	2500.0	0.0
3591	499.564	20.230086921060586	2500.0	0.0
3600	500.02	20.324314392151642	2500.0	0.0
3609	500.468	20.328489145578036	2500.0	0.0
3618	500.844	20.02982905828725	2500.0	0.0
3627	500.376	19.735186321854584	2500.0	0.0
3636	499.858	19.886699012032896	2500.0	0.0
3645	499.398	19.65370530624007	2500.0	0.0
3654	498.898	19.78551311081207	2500.0	0.0
3663	499.0	19.94441172655229	2500.0	0.0
3672	499.39	20.148494327053186	2500.0	0.0
3681	499.562	20.316783687355578	2500.0	0.0
3690	499.974	20.498822587039232	2500.0	0.0
3699	499.894	20.648377053654833	2500.0	0.0
3708	499.95	20.235375975794557	2500.0	0.0
3717	499.736	19.589942206942393	2500.0	0.0
3726	499.168	19.743641984132392	2500.0	0.0
3735	498.836	20.106158739015196	2500.0	0.0
3744	498.546	20.613532434759392	2500.0	0.0
3753	498.726	20.14026276811545	2500.0	0.0
3762	498.01	20.504212871773017	2500.0	0.0
3771	497.95	20.349242820476974	2500.0	0.0
3780	497.938	20.487499390177536	2500.0	0.0
3789	497.618	20.529368864432826	2500.0	0.0
3798	497.582	19.965683886762616	2500.0	0.0
3807	497.352	19.65565530759894	2500.0	0.0
3816	497.134	19.665031679147763	2500.0	0.0
3825	497.32	19.758704735524823	2500.0	0.0
3834	497.432	19.8651106526615	2500.0	0.0
3843	497.788	19.029432324406805	2500.0	0.0
3852	497.866	19.47980928910448	2500.0	0.0
3861	498.072	19.542328961576885	2500.0	0.0
3870	498.244	19.14297183672073	2500.0	0.0
3879	498.282	19.54088453311859	2500.0	0.0
3888	497.976	19.406407222424377	2500.0	0.0
3897	497.862	20.250311262112113	2500.0	0.0
3906	497.836	20.57103397687524	2500.0	0.0
3915	497.372	20.41379587740234	2500.0	0.0
3924	496.884	19.896187084992967	2500.0	0.0
3933	497.634	19.530769208911952	2500.0	0.0
3942	497.798	19.56165926055487	2500.0	0.0
3951	497.94	20.29581830035345	2500.0	0.0
3960	498.344	20.485922239919784	2500.0	0.0
3969	498.69	20.514668001369476	2500.0	0.0
3978	498.874	20.050390527883522	2500.0	0.0
3987	499.046	20.60711504264393	2500.0	0.0
3996	498.692	19.983588858042847	2500.0	0.0
4005	498.088	19.851559758610897	2500.0	0.0
4014	498.392	19.326701186635944	2500.0	0.0
4023	497.98	19.665529897062644	2500.0	0.0
4032	497.886	19.497417844555997	2500.0	0.0
4041	497.804	19.066006640574656	2500.0	0.0
4050	497.678	19.236798716254736	2500.0	0.0
4059	497.994	18.899851130246795	2500.0	0.0
4068	497.992	19.516088014322072	2500.0	0.0
4077	497.562	19.748979730629166	2500.0	0.0
4086	497.77	19.796487107656432	2500.0	0.0
4095	497.698	20.29331005197849	2500.0	0.0
4104	497.79	20.02898450847875	2500.0	0.0
4113	498.298	19.33040416158184	2500.0	0.0
4122	498.436	19.205405468211207	2500.0	0.0
4131	498.18	19.249329166147408	2500.0	0.0
4140	497.894	18.936418348773323	2500.0	0.0
4149	497.826	19.046818279522352	2500.0	0.0
4158	498.404	19.21142737757317	2500.0	0.0
4167	498.488	19.344101025609284	2500.0	0.0
4176	498.814	19.34237987732216	2500.0	0.0
4185	498.534	19.517651535030684	2500.0	0.0
4194	498.574	19.30164840790871	2500.0	0.0
4203	498.69	19.883677256546004	2500.0	0.0
4212	498.828	19.950098467368917	2500.0	0.0
4221	498.898	19.963885128372127	2500.0	0.0
4230	498.818	19.875385225845346	2500.0	0.0
4239	499.366	20.89817004003087	2500.0	0.0
4248	499.45	20.61080081463215	2500.0	0.0
4257	499.774	21.384422157777486	2500.0	0.0
4266	499.626	21.275323800252988	2500.0	0.0
4275	499.686	21.3656825020301	2500.0	0.0
4284	499.882	21.139864326136415	2500.0	0.0
4293	500.142	21.06688071181521	2500.0	0.0
4302	499.5	20.875093750164485	2500.0	0.0
4311	499.578	21.30699161739092	2500.0	0.0
4320	500.106	20.785736881703997	2500.0	0.0
4329	500.01	20.874515342435213	2500.0	0.0
4338	499.478	20.65601262866169	2500.0	0.0
4347	499.292	20.909067751300082	2500.0	0.0
4356	499.054	20.459233721940283	2500.0	0.0
4365	499.22	20.522425292342014	2500.0	0.0
4374	499.494	19.711495379605285	2500.0	0.0
4383	500.118	20.217754355574815	2500.0	0.0
4392	499.78	20.268429106294207	2500.0	0.0
4401	499.916	20.27617297176074	2500.0	0.0
4410	499.27	20.128572200672245	2500.0	0.0
4419	499.48	20.41644588377345	2500.0	0.0
4428	499.772	20.280004268892366	2500.0	0.0
4437	499.554	19.902746610588473	2500.0	0.0
4446	499.432	20.085922048266987	2500.0	0.0
4455	499.336	20.251007644589997	2500.0	0.0
4464	499.75	20.152412745846537	2500.0	0.0
4473	499.376	20.475475921903676	2500.0	0.0
4482	499.382	20.000302502722324	2500.0	0.0
4491	499.65	19.162199241201904	2500.0	0.0
4500	499.944	19.158678815301837	2500.0	0.0
4509	499.79	19.189851505459938	2500.0	0.0
4518	499.942	18.9898885656412	2500.0	0.0
4527	500.158	19.404486703038984	2500.0	0.0
4536	499.996	19.434695747492306	2500.0	0.0
4545	500.15	19.09336568618673	2500.0	0.0
4554	500.064	18.762942199985584	2500.0	0.0
4563	499.678	19.561585499506666	2500.0	0.0
4572	499.704	19.528828287138403	2500.0	0.0
4581	500.268	19.45181024593052	2500.0	0.0
4590	500.074	19.55477697661649	2500.0	0.0
4599	499.748	19.448727516318595	2500.0	0.0
4608	499.63	19.367894326986672	2500.0	0.0
4617	499.82	19.756118252754867	2500.0	0.0
4626	499.83	19.385889854502473	2500.0	0.0
4635	499.664	19.371360386054782	2500.0	0.0
4644	499.676	19.1005939535596	2500.0	0.0
4653	500.24	19.04225866935067	2500.0	0.0
4662	500.474	19.868034668864627	2500.0	0.0
4671	499.75	19.529934374527393	2500.0	0.0
4680	500.2	19.32031441509679	2500.0	0.0
4689	500.358	19.751508300894915	2500.0	0.0
4698	500.302	19.71497289657344	2500.0	0.0
4707	500.128	19.75459703988964	2500.0	0.0
4716	500.37	19.256758436740647	2500.0	0.0
4725	500.124	19.169025198327333	2500.0	0.0
4734	499.906	19.21237608390955	2500.0	0.0
4743	499.954	19.66421232831323	2500.0	0.0
4752	499.6	19.659730670078876	2500.0	0.0
4761	499.598	19.873759801741457	2500.0	0.0
4770	500.106	20.201856201546825	2500.0	0.0
4779	499.554	19.57348529652567	2500.0	0.0
4788	499.134	19.550254958385498	2500.0	0.0
4797	498.782	19.42867527253702	2500.0	0.0
4806	499.412	20.017083285196495	2500.0	0.0
4815	498.99	20.18734648030373	2500.0	0.0
4824	499.342	20.60753203936626	2500.0	0.0
4833	499.396	20.74531079159046	2500.0	0.0
4842	499.146	20.30885479701731	2500.0	0.0
4851	499.508	20.128194763785885	2500.0	0.0
4860	498.938	19.878744552157713	2500.0	0.0
4869	498.85	19.59160948785599	2500.0	0.0
4878	499.456	19.54841028547792	2500.0	0.0
4887	499.338	19.84478235641669	2500.0	0.0
4896	499.416	19.573481713091958	2500.0	0.0
4905	499.004	19.723031713200687	2500.0	0.0
4914	499.176	20.212920330733812	2500.0	0.0
4923	499.312	20.177237119972375	2500.0	0.0
4932	499.664	20.38072255106297	2500.0	0.0
4941	499.908	20.373652284625592	2500.0	0.0
4950	500.438	20.32615214254393	2500.0	0.0
4959	499.756	20.47072458732862	2500.0	0.0
4968	500.056	20.117910543823854	2500.0	0.0
4977	499.314	19.829013681147483	2500.0	0.0
4986	499.448	19.598456444066702	2500.0	0.0
4995	499.072	20.30940076710882	2500.0	0.0
5004	499.588	20.32635179156133	2500.0	0.0
5013	499.536	20.811991302225945	2500.0	0.0
5022	499.66	20.854501203358517	2500.0	0.0
5031	499.15	21.038267928583593	2500.0	0.0
5040	500.07	21.013715818603096	2500.0	0.0
5049	499.866	21.397845208317573	2500.0	0.0
5058	500.228	21.596407702469932	2500.0	0.0
5067	499.822	21.343415818410946	2500.0	0.0
5076	499.35	20.034526810710005	2500.0	0.0
5085	499.646	20.107144962851244	2500.0	0.0
5094	499.618	19.600930307969467	2500.0	0.0
5103	499.996	19.019238862104544	2500.0	0.0
5112	500.116	18.80099728732481	2500.0	0.0
5121	499.762	18.571029111077525	2500.0	0.0
5130	500.124	19.125275850368936	2500.0	0.0
5139	500.198	19.553810344738338	2500.0	0.0
5148	500.146	19.90802206863783	2500.0	0.0
5157	500.346	19.78547988876837	2500.0	0.0
5166	500.714	19.6486218519611	2500.0	0.0
5175	500.432	18.869698116663876	2500.0	0.0
5184	500.39	19.49497391678255	2500.0	0.0
5193	500.464	19.43976628012929	2500.0	0.0
5202	500.14	19.75908000097601	2500.0	0.0
5211	500.194	19.916669184952728	2500.0	0.0
5220	500.362	20.40567909869598	2500.0	0.0
5229	500.204	19.63245401117756	2500.0	0.0
5238	499.672	19.93527643382419	2500.0	0.0
5247	500.64	20.16978036767283	2500.0	0.0
5256	500.514	19.878130801670878	2500.0	0.0
5265	500.472	20.291690945874524	2500.0	0.0
5274	500.756	20.50017019334015	2500.0	0.0
5283	500.496	20.815777121075946	2500.0	0.0
5292	500.684	20.361565034675568	2500.0	0.0
5301	499.718	20.504226945810245	2500.0	0.0
5310	499.644	20.493443499151287	2500.0	0.0
5319	499.496	20.310564296544996	2500.0	0.0
5328	498.878	19.814852327117933	2500.0	0.0
5337	499.012	19.720691350322127	2500.0	0.0
5346	498.832	20.04303426242867	2500.0	0.0
5355	499.26	20.353006897742638	2500.0	0.0
5364	498.226	20.61836943884345	2500.0	0.0
5373	497.936	20.315149879566693	2500.0	0.0
5382	497.57	20.12399190270659	2500.0	0.0
5391	497.724	20.033134476509353	2500.0	0.0
5400	497.612	20.200038095958053	2500.0	0.0
5409	497.768	20.457938079408734	2500.0	0.0
5418	497.852	20.67910410761034	2500.0	0.0
5427	497.43	20.852884346563243	2500.0	0.0
5436	497.396	20.630715859459347	2500.0	0.0
5445	497.192	20.978831204751028	2500.0	0.0
5454	497.09	20.69334020058904	2500.0	0.0
5463	497.362	20.806845162379194	2500.0	0.0
5472	497.712	20.496176289370904	2500.0	0.0
5481	497.99	20.291016502418064	2500.0	0.0
5490	498.188	20.33823846570238	2500.0	0.0
5499	498.304	19.546245045808195	2500.0	0.0
5508	498.794	19.85648821540448	2500.0	0.0
5517	498.628	20.293972174348383	2500.0	0.0
5526	498.562	19.79671629215067	2500.0	0.0
5535	498.61	19.99172925179194	2500.0	0.0
5544	498.196	19.649982891985186	2500.0	0.0
5553	498.214	20.23212499376986	2500.0	0.0
5562	498.048	19.872078275559918	2500.0	0.0
5571	498.386	19.013891240885982	2500.0	0.0
5580	498.54	19.46046812487507	2500.0	0.0
5589	498.504	19.638567428947624	2500.0	0.0
5598	498.438	20.042593822513812	2500.0	0.0
5607	497.916	19.91919910503361	2500.0	0.0
5616	498.116	20.115760777642137	2500.0	0.0
5625	498.51	20.04398719929974	2500.0	0.0
5634	499.048	19.878833770222247	2500.0	0.0
5643	498.67	19.449361308552547	2500.0	0.0
5652	498.02	19.912826049623536	2500.0	0.0
5661	498.688	19.983125546651255	2500.0	0.0
5670	499.024	19.820624063751207	2500.0	0.0
5679	498.19	19.580927594240823	2500.0	0.0
5688	498.352	18.95433009258087	2500.0	0.0
5697	498.404	19.114903690214415	2500.0	0.0
5706	498.93	19.39064450162441	2500.0	0.0
5715	498.822	19.26740204498587	2500.0	0.0
5724	498.466	18.88104424186666	2500.0	0.0
5733	498.892	19.529750595351537	2500.0	0.0
5742	498.534	19.380817220961163	2500.0	0.0
5751	498.458	19.274939236353767	2500.0	0.0
5760	498.796	18.9245518129927	2500.0	0.0
5769	499.046	18.944912335685636	2500.0	0.0
5778	499.428	18.726403080802463	2500.0	0.0
5787	499.074	18.601951219653188	2500.0	0.0
5796	498.874	19.02277203015961	2500.0	0.0
5805	498.668	19.25313331082941	2500.0	0.0
5814	498.94	18.883897987608723	2500.0	0.0
5823	499.184	18.9353436323969	2500.0	0.0
5832	499.146	18.81842049428696	2500.0	0.0
5841	498.626	19.13652364130299	2500.0	0.0
5850	498.654	19.611412468203202	2500.0	0.0
5859	498.556	20.067193338805364	2500.0	0.0
5868	498.596	20.261634971132185	2500.0	0.0
5877	499.0	20.074710159201597	2500.0	0.0
5886	499.176	20.372016643529637	2500.0	0.0
5895	499.386	20.551831050274764	2500.0	0.0
5904	499.434	20.648252824134513	2500.0	0.0
5913	499.164	20.892920625525985	2500.0	0.0
5922	499.222	20.42819959461319	2500.0	0.0
5931	499.138	19.921563527664528	2500.0	0.0
5940	499.47	20.04546685619883	2500.0	0.0
5949	498.956	20.267402379150532	2500.0	0.0
5958	499.332	20.50479625206448	2500.0	0.0
5967	499.904	20.530020640393666	2500.0	0.0
5976	499.61	20.269474665279628	2500.0	0.0
5985	499.504	20.10009980134548	2500.0	0.0
5994	499.776	20.408891928262022	2500.0	0.0
6003	500.008	20.521164010471953	2500.0	0.0
6012	500.262	20.689937240262775	2500.0	0.0
6021	500.606	20.13090337121217	2500.0	0.0
6030	500.226	20.395953368932176	2500.0	0.0
6039	499.676	20.384260107255304	2500.0	0.0
6048	500.68	21.13364288814039	2500.0	0.0
6057	500.162	21.078053151306417	2500.0	0.0
6066	499.836	20.92483695523592	2500.0	0.0
6075	500.028	20.718729389009106	2500.0	0.0
6084	500.44	20.553327676002112	2500.0	0.0
6093	500.33	20.111141589478805	2500.0	0.0
6102	500.724	19.700864756255974	2500.0	0.0
6111	500.514	20.16330632222025	2500.0	0.0
6120	500.978	20.310552752355438	2500.0	0.0
6129	501.098	20.216374541425527	2500.0	0.0
6138	500.592	20.038478416148987	2500.0	0.0
6147	499.96	19.799455469122066	2500.0	0.0
6156	500.594	20.101375440232403	2500.0	0.0
6165	500.552	20.086967629213575	2500.0	0.0
6174	500.202	19.740531227560528	2500.0	0.0
6183	500.218	19.464743215796968	2500.0	0.0
6192	500.604	19.526950288643402	2500.0	0.0
6201	501.178	19.851712696741988	2500.0	0.0
6210	501.382	19.733090627964557	2500.0	0.0
6219	500.744	20.150398037809673	2500.0	0.0
6228	500.158	19.519812554538756	2500.0	0.0
6237	500.084	19.567900998804088	2500.0	0.0
6246	500.292	19.66245050648163	2500.0	0.0
6255	499.456	19.462312998575207	2500.0	0.0
6264	499.636	19.102494984406054	2500.0	0.0
6273	499.092	19.188432136464712	2500.0	0.0
6282	498.918	19.013424115429245	2500.0	0.0
6291	499.322	18.421101758037175	2500.0	0.0
6300	499.118	18.64283203734737	2500.0	0.0
6309	499.8	19.11257651815487	2500.0	0.0
6318	499.484	19.23938803871392	2500.0	0.0
6327	499.108	19.082468845368748	2500.0	0.0
6336	498.946	19.446424114002113	2500.0	0.0
6345	497.888	18.78630635897398	2500.0	0.0
6354	497.99	18.978785223958738	2500.0	0.0
6363	498.262	19.007891937609052	2500.0	0.0
6372	498.674	19.07100234021592	2500.0	0.0
6381	498.354	20.050554442880966	2500.0	0.0
6390	498.512	19.93400574822683	2500.0	0.0
6399	498.468	20.616864120722738	2500.0	0.0
6408	498.63	20.11821525807747	2500.0	0.0
6417	498.502	20.00996735597474	2500.0	0.0
6426	498.124	20.204382151311446	2500.0	0.0
6435	497.782	20.33729793691259	2500.0	0.0
6444	498.612	20.46771385917936	2500.0	0.0
6453	498.704	19.791508067430502	2500.0	0.0
6462	498.714	19.53949302246993	2500.0	0.0
6471	498.57	19.72346648691657	2500.0	0.0
6480	498.426	19.512919619168436	2500.0	0.0
6489	498.61	19.76854802412064	2500.0	0.0
6498	498.432	19.833812953452632	2500.0	0.0
6507	498.812	19.483322501858435	2500.0	0.0
6516	499.222	19.73940232144875	2500.0	0.0
6525	498.752	19.695744227658984	2500.0	0.0
6534	499.518	19.705488793154927	2500.0	0.0
6543	499.104	19.70801857092651	2500.0	0.0
6552	499.224	19.900499585878116	2500.0	0.0
6561	499.632	19.695288390108406	2500.0	0.0
6570	499.272	19.835142594988504	2500.0	0.0
6579	499.722	19.73280220764228	2500.0	0.0
6588	499.06	19.294064420014966	2500.0	0.0
6597	499.552	18.627755703925533	2500.0	0.0
6606	499.382	18.74873612306772	2500.0	0.0
6615	499.432	19.078294962531476	2500.0	0.0
6624	499.344	19.34129870694682	2500.0	0.0
6633	499.19	19.600567964450885	2500.0	0.0
6642	498.512	19.634890216847545	2500.0	0.0
6651	498.302	19.68017822149125	2500.0	0.0
6660	498.66	19.51024601071954	2500.0	0.0
6669	498.862	19.16887705880005	2500.0	0.0
6678	499.114	19.49094142403569	2500.0	0.0
6687	498.788	19.33884789940063	2500.0	0.0
6696	498.398	19.49059677704742	2500.0	0.0
6705	498.746	19.648654489468054	2500.0	0.0
6714	498.914	19.712528288960975	2500.0	0.0
6723	498.696	19.36951057408937	2500.0	0.0
6732	498.764	19.521641657042363	2500.0	0.0
6741	498.688	19.629704700102508	2500.0	0.0
6750	498.506	20.191119995020248	2500.0	0.0
6759	498.804	19.873688913285434	2500.0	0.0
6768	498.922	19.981452221140756	2500.0	0.0
6777	499.004	20.185611256625535	2500.0	0.0
6786	499.148	20.147902420447846	2500.0	0.0
6795	499.432	20.571625106418757	2500.0	0.0
6804	499.7	20.521312055933322	2500.0	0.0
6813	499.632	21.03715045814897	2500.0	0.0
6822	499.61	21.139528360837122	2500.0	0.0
6831	499.032	21.13718375456266	2500.0	0.0
6840	499.118	20.850649274070587	2500.0	0.0
6849	499.07	20.5327125477648	2500.0	0.0
6858	499.186	19.935954669319308	2500.0	0.0
6867	498.846	19.707843163683044	2500.0	0.0
6876	499.08	19.84250614464313	2500.0	0.0
6885	499.336	19.866263888355142	2500.0	0.0
6894	499.356	19.812175766867075	2500.0	0.0
6903	499.268	19.783299367591223	2500.0	0.0
6912	499.602	19.923692002387813	2500.0	0.0
6921	499.804	19.8334140436096	2500.0	0.0
6930	500.114	19.66169291634555	2500.0	0.0
6939	499.302	19.339359287092996	2500.0	0.0
6948	498.444	19.37000925443852	2500.0	0.0
6957	498.0	19.443665092375173	2500.0	0.0
6966	498.416	19.665920799234474	2500.0	0.0
6975	498.512	20.362591344239682	2500.0	0.0
6984	498.726	20.851774913279385	2500.0	0.0
6993	499.176	20.66366371183948	2500.0	0.0
7002	499.008	20.486760375945305	2500.0	0.0
7011	499.204	21.684899209067467	2500.0	0.0
7020	499.06	21.426586223530535	2500.0	0.0
7029	499.478	21.076763887084386	2500.0	0.0
7038	499.49	21.213059368595356	2500.0	0.0
7047	499.544	21.031517145152748	2500.0	0.0
7056	499.634	20.756147989420324	2500.0	0.0
7065	499.764	20.949894992586493	2500.0	0.0
7074	499.848	20.66307870679698	2500.0	0.0
7083	499.47	20.37034614345098	2500.0	0.0
7092	499.082	20.73149453685052	2500.0	0.0
7101	498.884	20.871362474526805	2500.0	0.0
7110	498.93	21.065246003271756	2500.0	0.0
7119	499.288	21.45865801973685	2500.0	0.0
7128	498.558	21.156602744281972	2500.0	0.0
7137	498.428	21.412374823713037	2500.0	0.0
7146	499.218	21.366035921105343	2500.0	0.0
7155	498.864	21.130605978486184	2500.0	0.0
7164	498.84	21.278344293476966	2500.0	0.0
7173	499.432	20.620178455072562	2500.0	0.0
7182	499.446	20.191048533490374	2500.0	0.0
7191	499.412	20.044695948588064	2500.0	0.0
7200	498.972	19.69108156975572	2500.0	0.0
7209	498.578	19.63637161443937	2500.0	0.0
7218	498.41	20.011967862142665	2500.0	0.0
7227	498.408	20.384715087987793	2500.0	0.0
7236	497.822	19.70703047392478	2500.0	0.0
7245	497.802	19.73833832925153	2500.0	0.0
7254	498.11	20.38364260311544	2500.0	0.0
7263	498.166	20.241093045964476	2500.0	0.0
7272	497.848	19.935992164101954	2500.0	0.0
7281	497.764	19.437281698830187	2500.0	0.0
7290	497.19	19.258132082385487	2500.0	0.0
7299	496.306	18.951482299881608	2500.0	0.0
7308	496.156	19.471979353931125	2500.0	0.0
7317	496.612	19.00599673323258	2500.0	0.0
7326	496.806	19.33193760654235	2500.0	0.0
7335	496.858	19.645399447170252	2500.0	0.0
7344	497.004	19.15101843281521	2500.0	0.0
7353	497.16	19.707642739930357	2500.0	0.0
7362	497.09	18.930679894884	2500.0	0.0
7371	496.728	18.414129801668754	2500.0	0.0
7380	496.486	18.574386117427366	2500.0	0.0
7389	496.496	18.794692467020035	2500.0	0.0
7398	496.978	19.709653901421703	2500.0	0.0
7407	497.028	19.295176175596186	2500.0	0.0
7416	496.79	19.878838911590023	2500.0	0.0
7425	497.076	19.937030731500073	2500.0	0.0
7434	497.32	19.80975650798897	2500.0	0.0
7443	497.854	19.835513080289022	2500.0	0.0
7452	498.07	20.034266736952837	2500.0	0.0
7461	497.978	19.324917097925233	2500.0	0.0
7470	497.6	19.30526836833787	2500.0	0.0
7479	497.492	19.380328435310926	2500.0	0.0
7488	497.124	19.24675294687381	2500.0	0.0
7497	497.348	19.4350801562886	2500.0	0.0
7506	497.806	19.533137251906137	2500.0	0.0
7515	498.006	19.906745616551294	2500.0	0.0
7524	498.334	20.12522032142684	2500.0	0.0
7533	498.55	20.269909681026064	2500.0	0.0
7542	498.352	20.15670313723764	2500.0	0.0
7551	498.652	20.510882198900042	2500.0	0.0
7560	498.452	20.701516891358633	2500.0	0.0
7569	498.506	20.944864255405307	2500.0	0.0
7578	498.488	20.47320591213407	2500.0	0.0
7587	498.546	20.06632000135534	2500.0	0.0
7596	498.59	20.624175455674653	2500.0	0.0
7605	498.618	20.622284870172194	2500.0	0.0
7614	498.802	20.184191814348114	2500.0	0.0
7623	498.812	20.638521097845462	2500.0	0.0
7632	499.18	20.349639201500906	2500.0	0.0
7641	499.714	20.41277950535566	2500.0	0.0
7650	499.454	20.667708929263778	2500.0	0.0
7659	499.122	21.06167858004719	2500.0	0.0
7668	499.664	20.955891839900563	2500.0	0.0
7677	499.586	20.970697277119267	2500.0	0.0
7686	498.978	20.55125846387266	2500.0	0.0
7695	499.38	20.582586955277094	2500.0	0.0
7704	499.31	21.050609404780314	2500.0	0.0
7713	499.688	21.12835703366175	2500.0	0.0
7722	499.622	20.07987846173567	2500.0	0.0
7731	499.514	19.89999556902701	2500.0	0.0
7740	500.002	20.181391754442814	2500.0	0.0
7749	499.486	20.05158187953616	2500.0	0.0
7758	499.35	20.272480038066078	2500.0	0.0
7767	499.574	20.227179773839115	2500.0	0.0
7776	499.378	20.272865958920967	2500.0	0.0
7785	499.048	20.245925293301966	2500.0	0.0
7794	498.924	19.75567760405071	2500.0	0.0
7803	499.262	20.23581806266628	2500.0	0.0
7812	498.968	20.2512023938529	2500.0	0.0
7821	498.79	20.420771675714498	2500.0	0.0
7830	498.344	20.51436917590621	2500.0	0.0
7839	498.574	20.368954627698745	2500.0	0.0
7848	498.332	20.420670497491866	2500.0	0.0
7857	498.672	20.36747613643714	2500.0	0.0
7866	499.322	20.26829849414341	2500.0	0.0
7875	499.31	20.266805046024082	2500.0	0.0
7884	499.626	19.80531810525903	2500.0	0.0
7893	499.858	19.373810287346693	2500.0	0.0
7902	499.58	19.700960781429494	2500.0	0.0
7911	500.124	20.13980753868791	2500.0	0.0
7920	500.002	20.384628084030574	2500.0	0.0
7929	499.724	20.402066381257818	2500.0	0.0
7938	499.502	19.8936550443111	2500.0	0.0
7947	499.388	19.70222859534541	2500.0	0.0
7956	499.538	19.623626817153816	2500.0	0.0
7965	499.734	19.683651497436784	2500.0	0.0
7974	499.478	19.789511503093305	2500.0	0.0
7983	500.174	20.05462789982405	2500.0	0.0
7992	499.99	20.334918682789752	2500.0	0.0
8001	499.682	20.108345708542725	2500.0	0.0
8010	499.892	19.98427076868987	2500.0	0.0
8019	499.664	19.570721250391387	2500.0	0.0
8028	499.046	19.74212214463144	2500.0	0.0
8037	498.992	19.852863985249932	2500.0	0.0
8046	498.764	19.89169835199231	2500.0	0.0
8055	498.614	19.968336759627515	2500.0	0.0
8064	498.542	20.621511328196046	2500.0	0.0
8073	498.858	20.81962414403771	2500.0	0.0
8082	498.612	20.84001123167339	2500.0	0.0
8091	498.802	21.122953257265365	2500.0	0.0
8100	499.49	21.615280259144527	2500.0	0.0
8109	499.652	21.073944059821194	2500.0	0.0
8118	499.854	20.990328052307497	2500.0	0.0
8127	499.71	20.197767193410215	2500.0	0.0
8136	499.818	19.98388318556602	2500.0	0.0
8145	499.602	19.309824822336903	2500.0	0.0
8154	500.122	19.542541745529203	2500.0	0.0
8163	500.076	20.119040124993603	2500.0	0.0
8172	500.182	19.782304090024997	2500.0	0.0
8181	499.576	19.676446556687925	2500.0	0.0
8190	499.126	19.16164035049827	2500.0	0.0
8199	499.186	19.040916916841695	2500.0	0.0
8208	499.552	18.804001620769657	2500.0	0.0
8217	499.722	19.254771055944396	2500.0	0.0
8226	499.764	19.363941449428985	2500.0	0.0
8235	499.546	19.774173050716406	2500.0	0.0
8244	498.664	19.715285668180307	2500.0	0.0
8253	498.552	19.96688882371505	2500.0	0.0
8262	498.6	19.751867571070076	2500.0	0.0
8271	497.32	19.775128606986247	2500.0	0.0
8280	497.376	19.95331786414418	2500.0	0.0
8289	497.336	19.458169099105366	2500.0	0.0
8298	497.252	19.682665231650983	2500.0	0.0
8307	496.976	20.294016808815183	2500.0	0.0
8316	496.92	20.417623728471305	2500.0	0.0
8325	496.634	20.782200164741333	2500.0	0.0
8334	496.526	20.478477973722576	2500.0	0.0
8343	496.602	20.953990919892608	2500.0	0.0
8352	496.432	21.389164750814253	2500.0	0.0
8361	496.954	21.11510310555733	2500.0	0.0
8370	496.71	20.790246961916424	2500.0	0.0
8379	496.328	20.39962512917385	2500.0	0.0
8388	495.386	20.200919739374076	2500.0	0.0
8397	495.762	20.03497332947128	2500.0	0.0
8406	495.682	19.985688165858225	2500.0	0.0
8415	495.346	20.7165788023638	2500.0	0.0
8424	495.284	20.46257016005347	2500.0	0.0
8433	495.736	20.0211887758944	2500.0	0.0
8442	495.792	20.05864987654303	2500.0	0.0
8451	495.718	20.294783380586498	2500.0	0.0
8460	496.332	20.380099924825977	2500.0	0.0
8469	496.816	20.549030861300434	2500.0	0.0
8478	496.996	20.29620298753988	2500.0	0.0
8487	496.732	19.854081320730508	2500.0	0.0
8496	496.742	20.567973138792176	2500.0	0.0
8505	497.022	20.107464690321976	2500.0	0.0
8514	497.694	19.54339408866868	2500.0	0.0
8523	498.112	19.484834450081795	2500.0	0.0
8532	498.704	19.573416187331354	2500.0	0.0
8541	498.76	19.688312759569747	2500.0	0.0
8550	498.866	19.871532391821212	2500.0	0.0
8559	499.256	20.06149024328858	2500.0	0.0
8568	499.334	20.047499806634093	2500.0	0.0
8577	499.548	20.626842445185773	2500.0	0.0
8586	499.406	20.918037493636213	2500.0	0.0
8595	499.242	20.870999814731753	2500.0	0.0
8604	499.156	20.887513985176934	2500.0	0.0
8613	499.506	20.771347133092902	2500.0	0.0
8622	499.794	20.59679635380416	2500.0	0.0
8631	499.634	20.747263479402957	2500.0	0.0
8640	499.356	20.090607981296053	2500.0	0.0
8649	499.41	20.548049656582467	2500.0	0.0
8658	498.874	20.678717143124988	2500.0	0.0
8667	498.744	20.134877466256462	2500.0	0.0
8676	498.946	20.176850462576624	2500.0	0.0
8685	499.05	20.118275024960774	2500.0	0.0
8694	499.372	20.42410105261956	2500.0	0.0
8703	499.37	20.268367310339872	2500.0	0.0
8712	499.27	20.248483948296197	2500.0	0.0
8721	499.714	20.561365311840895	2500.0	0.0
8730	499.322	20.795365118719182	2500.0	0.0
8739	499.616	20.59195476885099	2500.0	0.0
8748	499.542	20.22925310936431	2500.0	0.0
8757	499.778	19.943223920939204	2500.0	0.0
8766	499.512	19.827155322343966	2500.0	0.0
8775	498.986	19.79569506448744	2500.0	0.0
8784	498.5	20.06027989982489	2500.0	0.0
8793	499.064	19.48484596923696	2500.0	0.0
8802	499.024	19.910406137120624	2500.0	0.0
8811	499.346	19.778489864563593	2500.0	0.0
8820	499.424	19.633113412919744	2500.0	0.0
8829	498.99	19.573659757761824	2500.0	0.0
8838	498.678	19.338517847681366	2500.0	0.0
8847	499.25	18.74551382537044	2500.0	0.0
8856	499.018	18.743754497574134	2500.0	0.0
8865	498.82	18.157173952238924	2500.0	0.0
8874	498.368	18.030829087848137	2500.0	0.0
8883	498.744	18.470429815115573	2500.0	0.0
8892	498.598	19.0188282408594	2500.0	0.0
8901	498.86	18.551245171006432	2500.0	0.0
8910	499.316	18.59191929107514	2500.0	0.0
8919	498.58	18.79078996676697	2500.0	0.0
8928	498.574	19.210064475537518	2500.0	0.0
8937	498.596	19.63618964788677	2500.0	0.0
8946	498.2	20.01722704965689	2500.0	0.0
8955	498.144	20.104418401897583	2500.0	0.0
8964	498.602	20.16732600212909	2500.0	0.0
8973	498.372	20.208472994304227	2500.0	0.0
8982	498.012	20.747065755787002	2500.0	0.0
8991	498.126	20.244649061696826	2500.0	0.0
9000	498.322	19.995147607750038	2500.0	0.0
9009	498.408	19.839272402457652	2500.0	0.0
9018	498.37	19.612608414426557	2500.0	0.0
9027	498.27	19.56360317370694	2500.0	0.0
9036	498.292	19.12396894937747	2500.0	0.0
9045	498.394	19.129418006477152	2500.0	0.0
9054	498.482	19.540658911648887	2500.0	0.0
9063	498.376	19.49046897233422	2500.0	0.0
9072	498.566	19.85684346679829	2500.0	0.0
9081	498.45	20.16354723937606	2500.0	0.0
9090	498.43	19.94443935844387	2500.0	0.0
9099	497.906	19.587866986125174	2500.0	0.0
9108	498.086	19.43507262904341	2500.0	0.0
9117	498.112	20.07010398947391	2500.0	0.0
9126	498.28	20.04597921193001	2500.0	0.0
9135	498.35	20.158776066641785	2500.0	0.0
9144	498.374	19.765512261256966	2500.0	0.0
9153	498.584	19.343196802107208	2500.0	0.0
9162	498.966	19.933779248055803	2500.0	0.0
9171	499.258	19.403825728598257	2500.0	0.0
9180	499.208	18.81565288761392	2500.0	0.0
