0.000000 1.000000 
1.000000 1.074000 
2.000000 1.164000 
3.000000 1.250000 
4.000000 1.350000 
5.000000 1.464000 
6.000000 1.542000 
7.000000 1.618000 
8.000000 1.700000 
9.000000 1.754000 
10.000000 1.844000 
11.000000 1.922000 
12.000000 2.022000 
13.000000 2.100000 
14.000000 2.184000 
15.000000 2.266000 
16.000000 2.338000 
17.000000 2.432000 
18.000000 2.524000 
19.000000 2.602000 
20.000000 2.692000 
21.000000 2.778000 
22.000000 2.864000 
23.000000 2.964000 
24.000000 3.054000 
25.000000 3.134000 
26.000000 3.238000 
27.000000 3.340000 
28.000000 3.408000 
29.000000 3.502000 
30.000000 3.588000 
31.000000 3.700000 
32.000000 3.806000 
33.000000 3.896000 
34.000000 3.984000 
35.000000 4.070000 
36.000000 4.166000 
37.000000 4.250000 
38.000000 4.350000 
39.000000 4.444000 
40.000000 4.544000 
41.000000 4.642000 
42.000000 4.730000 
43.000000 4.832000 
44.000000 4.964000 
45.000000 5.058000 
46.000000 5.166000 
47.000000 5.274000 
48.000000 5.406000 
49.000000 5.508000 
50.000000 5.608000 
51.000000 5.706000 
52.000000 5.798000 
53.000000 5.884000 
54.000000 5.998000 
55.000000 6.102000 
56.000000 6.214000 
57.000000 6.316000 
58.000000 6.418000 
59.000000 6.518000 
60.000000 6.642000 
61.000000 6.784000 
62.000000 6.892000 
63.000000 7.026000 
64.000000 7.172000 
65.000000 7.314000 
66.000000 7.442000 
67.000000 7.608000 
68.000000 7.744000 
69.000000 7.862000 
70.000000 7.988000 
71.000000 8.154000 
72.000000 8.280000 
73.000000 8.438000 
74.000000 8.562000 
75.000000 8.668000 
76.000000 8.806000 
77.000000 8.934000 
78.000000 9.062000 
79.000000 9.184000 
80.000000 9.338000 
81.000000 9.448000 
82.000000 9.610000 
83.000000 9.762000 
84.000000 9.882000 
85.000000 10.012000 
86.000000 10.164000 
87.000000 10.314000 
88.000000 10.450000 
89.000000 10.598000 
90.000000 10.758000 
91.000000 10.902000 
92.000000 11.074000 
93.000000 11.232000 
94.000000 11.372000 
95.000000 11.506000 
96.000000 11.682000 
97.000000 11.828000 
98.000000 11.992000 
99.000000 12.144000 
100.000000 12.330000 
101.000000 12.504000 
102.000000 12.694000 
103.000000 12.872000 
104.000000 13.030000 
105.000000 13.202000 
106.000000 13.396000 
107.000000 13.578000 
108.000000 13.714000 
109.000000 13.886000 
110.000000 14.094000 
111.000000 14.288000 
112.000000 14.452000 
113.000000 14.626000 
114.000000 14.808000 
115.000000 14.970000 
116.000000 15.160000 
117.000000 15.336000 
118.000000 15.532000 
119.000000 15.710000 
120.000000 15.908000 
121.000000 16.112000 
122.000000 16.302000 
123.000000 16.526000 
124.000000 16.708000 
125.000000 16.896000 
126.000000 17.092000 
127.000000 17.290000 
128.000000 17.502000 
129.000000 17.684000 
130.000000 17.868000 
131.000000 18.092000 
132.000000 18.276000 
133.000000 18.494000 
134.000000 18.766000 
135.000000 18.960000 
136.000000 19.208000 
137.000000 19.426000 
138.000000 19.644000 
139.000000 19.876000 
140.000000 20.062000 
141.000000 20.254000 
142.000000 20.468000 
143.000000 20.660000 
144.000000 20.910000 
145.000000 21.136000 
146.000000 21.414000 
147.000000 21.656000 
148.000000 21.930000 
149.000000 22.166000 
150.000000 22.408000 
151.000000 22.702000 
152.000000 22.980000 
153.000000 23.206000 
154.000000 23.428000 
155.000000 23.700000 
156.000000 23.998000 
157.000000 24.268000 
158.000000 24.502000 
159.000000 24.772000 
160.000000 25.006000 
161.000000 25.268000 
162.000000 25.508000 
163.000000 25.790000 
164.000000 26.044000 
165.000000 26.316000 
166.000000 26.608000 
167.000000 26.906000 
168.000000 27.196000 
169.000000 27.478000 
170.000000 27.702000 
171.000000 27.986000 
172.000000 28.274000 
173.000000 28.572000 
174.000000 28.880000 
175.000000 29.182000 
176.000000 29.484000 
177.000000 29.794000 
178.000000 30.150000 
179.000000 30.404000 
180.000000 30.734000 
181.000000 31.066000 
182.000000 31.384000 
183.000000 31.662000 
184.000000 31.990000 
185.000000 32.296000 
186.000000 32.600000 
187.000000 32.878000 
188.000000 33.236000 
189.000000 33.610000 
190.000000 33.982000 
191.000000 34.290000 
192.000000 34.662000 
193.000000 35.064000 
194.000000 35.408000 
195.000000 35.736000 
196.000000 36.076000 
197.000000 36.432000 
198.000000 36.752000 
199.000000 37.132000 
200.000000 37.470000 
201.000000 37.864000 
202.000000 38.206000 
203.000000 38.566000 
204.000000 38.922000 
205.000000 39.306000 
206.000000 39.662000 
207.000000 40.038000 
208.000000 40.376000 
209.000000 40.718000 
210.000000 41.064000 
211.000000 41.464000 
212.000000 41.822000 
213.000000 42.214000 
214.000000 42.674000 
215.000000 43.140000 
216.000000 43.540000 
217.000000 43.962000 
218.000000 44.346000 
219.000000 44.766000 
220.000000 45.156000 
221.000000 45.582000 
222.000000 45.980000 
223.000000 46.348000 
224.000000 46.794000 
225.000000 47.238000 
226.000000 47.658000 
227.000000 48.130000 
228.000000 48.520000 
229.000000 48.986000 
230.000000 49.438000 
231.000000 49.858000 
232.000000 50.340000 
233.000000 50.826000 
234.000000 51.304000 
235.000000 51.830000 
236.000000 52.330000 
237.000000 52.834000 
238.000000 53.284000 
239.000000 53.700000 
240.000000 54.158000 
241.000000 54.614000 
242.000000 55.148000 
243.000000 55.602000 
244.000000 56.074000 
245.000000 56.568000 
246.000000 57.076000 
247.000000 57.562000 
248.000000 58.042000 
249.000000 58.548000 
250.000000 59.106000 
251.000000 59.636000 
252.000000 60.152000 
253.000000 60.710000 
254.000000 61.268000 
255.000000 61.880000 
256.000000 62.432000 
257.000000 62.942000 
258.000000 63.490000 
259.000000 64.050000 
260.000000 64.674000 
261.000000 65.196000 
262.000000 65.796000 
263.000000 66.342000 
264.000000 66.858000 
265.000000 67.458000 
266.000000 68.048000 
267.000000 68.692000 
268.000000 69.280000 
269.000000 69.910000 
270.000000 70.508000 
271.000000 71.122000 
272.000000 71.722000 
273.000000 72.264000 
274.000000 72.870000 
275.000000 73.512000 
276.000000 74.124000 
277.000000 74.710000 
278.000000 75.410000 
279.000000 76.018000 
280.000000 76.688000 
281.000000 77.384000 
282.000000 78.064000 
283.000000 78.756000 
284.000000 79.348000 
285.000000 80.004000 
286.000000 80.632000 
287.000000 81.326000 
288.000000 82.014000 
289.000000 82.604000 
290.000000 83.242000 
291.000000 83.948000 
292.000000 84.592000 
293.000000 85.308000 
294.000000 86.038000 
295.000000 86.770000 
296.000000 87.498000 
297.000000 88.124000 
298.000000 88.868000 
299.000000 89.648000 
300.000000 90.344000 
301.000000 91.046000 
302.000000 91.754000 
303.000000 92.472000 
304.000000 93.230000 
305.000000 94.026000 
306.000000 94.802000 
307.000000 95.658000 
308.000000 96.392000 
309.000000 97.166000 
310.000000 97.928000 
311.000000 98.654000 
312.000000 99.452000 
313.000000 100.252000 
314.000000 100.996000 
315.000000 101.824000 
316.000000 102.622000 
317.000000 103.430000 
318.000000 104.258000 
319.000000 105.088000 
320.000000 105.926000 
321.000000 106.850000 
322.000000 107.726000 
323.000000 108.598000 
324.000000 109.474000 
325.000000 110.350000 
326.000000 111.310000 
327.000000 112.224000 
328.000000 113.134000 
329.000000 114.000000 
330.000000 114.910000 
331.000000 115.828000 
332.000000 116.746000 
333.000000 117.668000 
334.000000 118.628000 
335.000000 119.558000 
336.000000 120.598000 
337.000000 121.638000 
338.000000 122.604000 
339.000000 123.632000 
340.000000 124.696000 
341.000000 125.764000 
342.000000 126.772000 
343.000000 127.730000 
344.000000 128.734000 
345.000000 129.714000 
346.000000 130.684000 
347.000000 131.724000 
348.000000 132.700000 
349.000000 133.712000 
350.000000 134.738000 
351.000000 135.768000 
352.000000 136.810000 
353.000000 137.912000 
354.000000 139.000000 
355.000000 140.070000 
356.000000 141.160000 
357.000000 142.220000 
358.000000 143.282000 
359.000000 144.450000 
360.000000 145.574000 
361.000000 146.738000 
362.000000 147.804000 
363.000000 148.976000 
364.000000 150.088000 
365.000000 151.216000 
366.000000 152.316000 
367.000000 153.542000 
368.000000 154.826000 
369.000000 156.022000 
370.000000 157.146000 
371.000000 158.424000 
372.000000 159.618000 
373.000000 160.882000 
374.000000 162.132000 
375.000000 163.298000 
376.000000 164.458000 
377.000000 165.724000 
378.000000 167.114000 
379.000000 168.348000 
380.000000 169.658000 
381.000000 170.920000 
382.000000 172.296000 
383.000000 173.634000 
384.000000 174.920000 
385.000000 176.200000 
386.000000 177.602000 
387.000000 178.902000 
388.000000 180.216000 
389.000000 181.556000 
390.000000 182.856000 
391.000000 184.116000 
392.000000 185.548000 
393.000000 186.894000 
394.000000 188.294000 
395.000000 189.772000 
396.000000 191.128000 
397.000000 192.570000 
398.000000 194.010000 
399.000000 195.422000 
400.000000 196.832000 
401.000000 198.222000 
402.000000 199.802000 
403.000000 201.272000 
404.000000 202.716000 
405.000000 204.310000 
406.000000 205.808000 
407.000000 207.396000 
408.000000 208.838000 
409.000000 210.354000 
410.000000 211.888000 
411.000000 213.462000 
412.000000 215.004000 
413.000000 216.616000 
414.000000 218.212000 
415.000000 219.756000 
416.000000 221.266000 
417.000000 222.852000 
418.000000 224.452000 
419.000000 226.030000 
420.000000 227.682000 
421.000000 229.358000 
422.000000 230.990000 
423.000000 232.604000 
424.000000 234.290000 
425.000000 236.030000 
426.000000 237.710000 
427.000000 239.404000 
428.000000 241.170000 
429.000000 243.006000 
430.000000 244.898000 
431.000000 246.752000 
432.000000 248.466000 
433.000000 250.278000 
434.000000 252.050000 
435.000000 253.896000 
436.000000 255.700000 
437.000000 257.518000 
438.000000 259.422000 
439.000000 261.134000 
440.000000 263.000000 
441.000000 264.846000 
442.000000 266.688000 
443.000000 268.598000 
444.000000 270.570000 
445.000000 272.516000 
446.000000 274.424000 
447.000000 276.382000 
448.000000 278.348000 
449.000000 280.372000 
450.000000 282.206000 
451.000000 284.266000 
452.000000 286.290000 
453.000000 288.156000 
454.000000 290.138000 
455.000000 292.286000 
456.000000 294.370000 
457.000000 296.346000 
458.000000 298.360000 
459.000000 300.394000 
460.000000 302.444000 
461.000000 304.606000 
462.000000 306.784000 
463.000000 308.990000 
464.000000 311.114000 
465.000000 313.306000 
466.000000 315.438000 
467.000000 317.554000 
468.000000 319.714000 
469.000000 321.982000 
470.000000 324.162000 
471.000000 326.312000 
472.000000 328.494000 
473.000000 330.642000 
474.000000 332.816000 
475.000000 335.070000 
476.000000 337.404000 
477.000000 339.676000 
478.000000 342.102000 
479.000000 344.470000 
480.000000 346.854000 
481.000000 349.214000 
482.000000 351.544000 
483.000000 353.890000 
484.000000 356.310000 
485.000000 358.790000 
486.000000 361.208000 
487.000000 363.588000 
488.000000 366.088000 
489.000000 368.516000 
490.000000 370.884000 
491.000000 373.346000 
492.000000 375.774000 
493.000000 378.306000 
494.000000 380.772000 
495.000000 383.214000 
496.000000 385.588000 
497.000000 388.094000 
498.000000 390.544000 
499.000000 393.084000 
500.000000 395.688000 
501.000000 398.172000 
502.000000 400.750000 
503.000000 403.402000 
504.000000 405.970000 
505.000000 408.682000 
506.000000 411.276000 
507.000000 413.848000 
508.000000 416.536000 
509.000000 419.286000 
510.000000 421.852000 
511.000000 424.458000 
512.000000 427.164000 
513.000000 429.886000 
514.000000 432.626000 
515.000000 435.512000 
516.000000 438.228000 
517.000000 440.952000 
518.000000 443.660000 
519.000000 446.430000 
520.000000 449.200000 
521.000000 452.142000 
522.000000 454.860000 
523.000000 457.750000 
524.000000 460.606000 
525.000000 463.436000 
526.000000 466.296000 
527.000000 469.318000 
528.000000 472.216000 
529.000000 475.166000 
530.000000 478.024000 
531.000000 480.938000 
532.000000 483.934000 
533.000000 486.804000 
534.000000 489.824000 
535.000000 492.818000 
536.000000 495.654000 
537.000000 498.658000 
538.000000 501.378000 
539.000000 504.456000 
540.000000 507.436000 
541.000000 510.466000 
542.000000 513.420000 
543.000000 516.594000 
544.000000 519.628000 
545.000000 522.788000 
546.000000 525.942000 
547.000000 529.032000 
548.000000 532.292000 
549.000000 535.458000 
550.000000 538.510000 
551.000000 541.710000 
552.000000 544.900000 
553.000000 548.174000 
554.000000 551.472000 
555.000000 554.638000 
556.000000 557.728000 
557.000000 561.138000 
558.000000 564.402000 
559.000000 567.628000 
560.000000 570.922000 
561.000000 574.272000 
562.000000 577.688000 
563.000000 580.860000 
564.000000 584.326000 
565.000000 587.610000 
566.000000 590.946000 
567.000000 594.466000 
568.000000 597.956000 
569.000000 601.284000 
570.000000 604.576000 
571.000000 607.984000 
572.000000 611.532000 
573.000000 614.972000 
574.000000 618.470000 
575.000000 621.840000 
576.000000 625.378000 
577.000000 628.818000 
578.000000 632.216000 
579.000000 635.736000 
580.000000 639.354000 
581.000000 642.952000 
582.000000 646.422000 
583.000000 650.010000 
584.000000 653.596000 
585.000000 657.142000 
586.000000 660.646000 
587.000000 664.168000 
588.000000 667.848000 
589.000000 671.522000 
590.000000 675.128000 
591.000000 678.750000 
592.000000 682.412000 
593.000000 686.176000 
594.000000 689.750000 
595.000000 693.530000 
596.000000 697.148000 
597.000000 700.938000 
598.000000 704.638000 
599.000000 708.410000 
600.000000 711.976000 
601.000000 715.500000 
602.000000 719.200000 
603.000000 722.818000 
604.000000 726.560000 
605.000000 730.216000 
606.000000 733.976000 
607.000000 737.714000 
608.000000 741.458000 
609.000000 745.154000 
610.000000 748.950000 
611.000000 752.752000 
612.000000 756.614000 
613.000000 760.386000 
614.000000 764.220000 
615.000000 767.964000 
616.000000 771.644000 
617.000000 775.374000 
618.000000 779.204000 
619.000000 782.994000 
620.000000 786.912000 
621.000000 790.856000 
622.000000 794.854000 
623.000000 798.706000 
624.000000 802.562000 
625.000000 806.360000 
626.000000 810.232000 
627.000000 814.182000 
628.000000 818.094000 
629.000000 822.034000 
630.000000 825.952000 
631.000000 829.922000 
632.000000 833.806000 
633.000000 837.794000 
634.000000 842.052000 
635.000000 845.906000 
636.000000 850.098000 
637.000000 854.184000 
638.000000 858.246000 
639.000000 862.466000 
640.000000 866.550000 
641.000000 870.582000 
642.000000 874.810000 
643.000000 878.736000 
644.000000 882.814000 
645.000000 886.816000 
646.000000 891.076000 
647.000000 895.282000 
648.000000 899.416000 
649.000000 903.408000 
650.000000 907.422000 
651.000000 911.652000 
652.000000 915.842000 
653.000000 920.024000 
654.000000 924.118000 
655.000000 928.284000 
656.000000 932.482000 
657.000000 936.850000 
658.000000 940.972000 
659.000000 945.228000 
660.000000 949.572000 
661.000000 953.776000 
662.000000 958.044000 
663.000000 961.980000 
664.000000 966.264000 
665.000000 970.388000 
666.000000 974.544000 
667.000000 978.646000 
668.000000 983.110000 
669.000000 987.322000 
670.000000 991.494000 
671.000000 995.828000 
672.000000 999.954000 
673.000000 1004.206000 
674.000000 1008.376000 
675.000000 1012.850000 
676.000000 1017.026000 
677.000000 1021.396000 
678.000000 1025.652000 
679.000000 1029.834000 
680.000000 1034.092000 
681.000000 1038.368000 
682.000000 1042.634000 
683.000000 1046.842000 
684.000000 1051.052000 
685.000000 1055.248000 
686.000000 1059.402000 
687.000000 1063.656000 
688.000000 1067.966000 
689.000000 1072.390000 
690.000000 1076.752000 
691.000000 1081.160000 
692.000000 1085.578000 
693.000000 1089.884000 
694.000000 1094.184000 
695.000000 1098.562000 
696.000000 1103.040000 
697.000000 1107.280000 
698.000000 1111.476000 
699.000000 1115.760000 
700.000000 1119.992000 
701.000000 1124.310000 
702.000000 1128.688000 
703.000000 1132.990000 
704.000000 1137.366000 
705.000000 1141.676000 
706.000000 1145.918000 
707.000000 1150.338000 
708.000000 1154.588000 
709.000000 1158.888000 
710.000000 1163.358000 
711.000000 1167.616000 
712.000000 1171.942000 
713.000000 1176.386000 
714.000000 1180.834000 
715.000000 1185.104000 
716.000000 1189.508000 
717.000000 1193.910000 
718.000000 1198.260000 
719.000000 1202.524000 
720.000000 1206.950000 
721.000000 1211.296000 
722.000000 1215.610000 
723.000000 1219.970000 
724.000000 1224.328000 
725.000000 1228.492000 
726.000000 1232.892000 
727.000000 1237.274000 
728.000000 1241.594000 
729.000000 1245.976000 
730.000000 1250.502000 
731.000000 1254.766000 
732.000000 1259.064000 
733.000000 1263.534000 
734.000000 1267.828000 
735.000000 1272.244000 
736.000000 1276.552000 
737.000000 1280.822000 
738.000000 1285.140000 
739.000000 1289.530000 
740.000000 1293.854000 
741.000000 1298.144000 
742.000000 1302.300000 
743.000000 1306.672000 
744.000000 1311.036000 
745.000000 1315.334000 
746.000000 1319.590000 
747.000000 1323.848000 
748.000000 1328.074000 
749.000000 1332.390000 
750.000000 1336.862000 
751.000000 1340.988000 
752.000000 1345.198000 
753.000000 1349.496000 
754.000000 1353.684000 
755.000000 1357.874000 
756.000000 1362.226000 
757.000000 1366.492000 
758.000000 1370.854000 
759.000000 1375.278000 
760.000000 1379.534000 
761.000000 1384.004000 
762.000000 1388.384000 
763.000000 1392.626000 
764.000000 1397.118000 
765.000000 1401.454000 
766.000000 1405.738000 
767.000000 1409.986000 
768.000000 1414.252000 
769.000000 1418.556000 
770.000000 1422.746000 
771.000000 1427.040000 
772.000000 1431.330000 
773.000000 1435.480000 
774.000000 1439.702000 
775.000000 1443.968000 
776.000000 1448.154000 
777.000000 1452.470000 
778.000000 1456.606000 
779.000000 1460.898000 
780.000000 1465.096000 
781.000000 1469.566000 
782.000000 1473.748000 
783.000000 1478.062000 
784.000000 1482.040000 
785.000000 1486.160000 
786.000000 1490.386000 
787.000000 1494.440000 
788.000000 1498.662000 
789.000000 1502.672000 
790.000000 1506.792000 
791.000000 1510.884000 
792.000000 1514.914000 
793.000000 1518.976000 
794.000000 1523.172000 
795.000000 1527.408000 
796.000000 1531.306000 
797.000000 1535.338000 
798.000000 1539.510000 
799.000000 1543.528000 
800.000000 1547.610000 
801.000000 1551.598000 
802.000000 1555.720000 
803.000000 1559.864000 
804.000000 1563.838000 
805.000000 1567.856000 
806.000000 1571.852000 
807.000000 1575.812000 
808.000000 1579.894000 
809.000000 1583.860000 
810.000000 1587.962000 
811.000000 1591.954000 
812.000000 1595.918000 
813.000000 1599.918000 
814.000000 1603.846000 
815.000000 1607.820000 
816.000000 1611.748000 
817.000000 1615.716000 
818.000000 1619.644000 
819.000000 1623.682000 
820.000000 1627.552000 
821.000000 1631.432000 
822.000000 1635.244000 
823.000000 1639.122000 
824.000000 1642.960000 
825.000000 1646.744000 
826.000000 1650.712000 
827.000000 1654.566000 
828.000000 1658.422000 
829.000000 1662.304000 
830.000000 1665.978000 
831.000000 1669.728000 
832.000000 1673.610000 
833.000000 1677.548000 
834.000000 1681.282000 
835.000000 1685.130000 
836.000000 1689.060000 
837.000000 1692.662000 
838.000000 1696.274000 
839.000000 1699.896000 
840.000000 1703.712000 
841.000000 1707.420000 
842.000000 1711.284000 
843.000000 1714.916000 
844.000000 1718.674000 
845.000000 1722.402000 
846.000000 1726.020000 
847.000000 1729.608000 
848.000000 1733.284000 
849.000000 1736.962000 
850.000000 1740.546000 
851.000000 1744.296000 
852.000000 1747.758000 
853.000000 1751.426000 
854.000000 1755.176000 
855.000000 1758.778000 
856.000000 1762.446000 
857.000000 1765.962000 
858.000000 1769.526000 
859.000000 1773.050000 
860.000000 1776.538000 
861.000000 1780.156000 
862.000000 1783.810000 
863.000000 1787.310000 
864.000000 1790.816000 
865.000000 1794.168000 
866.000000 1797.694000 
867.000000 1801.172000 
868.000000 1804.512000 
869.000000 1808.112000 
870.000000 1811.462000 
871.000000 1815.022000 
872.000000 1818.458000 
873.000000 1821.838000 
874.000000 1825.152000 
875.000000 1828.450000 
876.000000 1831.686000 
877.000000 1834.998000 
878.000000 1838.358000 
879.000000 1841.612000 
880.000000 1844.842000 
881.000000 1848.102000 
882.000000 1851.482000 
883.000000 1854.810000 
884.000000 1858.310000 
885.000000 1861.596000 
886.000000 1864.692000 
887.000000 1867.970000 
888.000000 1871.128000 
889.000000 1874.286000 
890.000000 1877.426000 
891.000000 1880.722000 
892.000000 1883.842000 
893.000000 1886.920000 
894.000000 1890.160000 
895.000000 1893.200000 
896.000000 1896.386000 
897.000000 1899.536000 
898.000000 1902.648000 
899.000000 1905.782000 
900.000000 1908.790000 
901.000000 1911.820000 
902.000000 1914.938000 
903.000000 1918.004000 
904.000000 1921.094000 
905.000000 1924.144000 
906.000000 1927.244000 
907.000000 1930.204000 
908.000000 1933.178000 
909.000000 1936.154000 
910.000000 1939.236000 
911.000000 1942.236000 
912.000000 1945.124000 
913.000000 1948.054000 
914.000000 1951.048000 
915.000000 1954.060000 
916.000000 1957.106000 
917.000000 1959.956000 
918.000000 1962.818000 
919.000000 1965.514000 
920.000000 1968.318000 
921.000000 1971.102000 
922.000000 1974.162000 
923.000000 1977.078000 
924.000000 1979.952000 
925.000000 1982.774000 
926.000000 1985.528000 
927.000000 1988.354000 
928.000000 1991.228000 
929.000000 1993.922000 
930.000000 1996.514000 
931.000000 1999.316000 
932.000000 2002.056000 
933.000000 2004.822000 
934.000000 2007.594000 
935.000000 2010.504000 
936.000000 2013.172000 
937.000000 2015.788000 
938.000000 2018.542000 
939.000000 2021.142000 
940.000000 2023.792000 
941.000000 2026.458000 
942.000000 2028.946000 
943.000000 2031.474000 
944.000000 2034.088000 
945.000000 2036.620000 
946.000000 2039.288000 
947.000000 2041.836000 
948.000000 2044.304000 
949.000000 2046.886000 
950.000000 2049.460000 
951.000000 2051.902000 
952.000000 2054.352000 
953.000000 2056.788000 
954.000000 2059.102000 
955.000000 2061.628000 
956.000000 2064.148000 
957.000000 2066.540000 
958.000000 2068.916000 
959.000000 2071.390000 
960.000000 2073.884000 
961.000000 2076.254000 
962.000000 2078.608000 
963.000000 2080.958000 
964.000000 2083.426000 
965.000000 2085.826000 
966.000000 2088.190000 
967.000000 2090.574000 
968.000000 2092.804000 
969.000000 2095.088000 
970.000000 2097.390000 
971.000000 2099.646000 
972.000000 2101.882000 
973.000000 2104.156000 
974.000000 2106.478000 
975.000000 2108.810000 
976.000000 2111.008000 
977.000000 2113.140000 
978.000000 2115.304000 
979.000000 2117.478000 
980.000000 2119.566000 
981.000000 2121.638000 
982.000000 2123.756000 
983.000000 2125.906000 
984.000000 2128.106000 
985.000000 2130.254000 
986.000000 2132.448000 
987.000000 2134.556000 
988.000000 2136.598000 
989.000000 2138.638000 
990.000000 2140.778000 
991.000000 2142.794000 
992.000000 2144.834000 
993.000000 2146.966000 
994.000000 2149.056000 
995.000000 2151.118000 
996.000000 2153.118000 
997.000000 2155.132000 
998.000000 2157.114000 
999.000000 2159.224000 
1000.000000 2161.270000 
1001.000000 2163.312000 
1002.000000 2165.246000 
1003.000000 2167.258000 
1004.000000 2169.132000 
1005.000000 2171.128000 
1006.000000 2173.028000 
1007.000000 2174.938000 
1008.000000 2176.816000 
1009.000000 2178.664000 
1010.000000 2180.512000 
1011.000000 2182.414000 
1012.000000 2184.298000 
1013.000000 2186.188000 
1014.000000 2187.934000 
1015.000000 2189.788000 
1016.000000 2191.634000 
1017.000000 2193.506000 
1018.000000 2195.402000 
1019.000000 2197.200000 
1020.000000 2199.060000 
1021.000000 2200.790000 
1022.000000 2202.612000 
1023.000000 2204.378000 
1024.000000 2206.248000 
1025.000000 2207.946000 
1026.000000 2209.716000 
1027.000000 2211.458000 
1028.000000 2213.126000 
1029.000000 2214.762000 
1030.000000 2216.532000 
1031.000000 2218.212000 
1032.000000 2219.920000 
1033.000000 2221.610000 
1034.000000 2223.330000 
1035.000000 2225.068000 
1036.000000 2226.646000 
1037.000000 2228.210000 
1038.000000 2229.818000 
1039.000000 2231.446000 
1040.000000 2233.042000 
1041.000000 2234.716000 
1042.000000 2236.326000 
1043.000000 2238.010000 
1044.000000 2239.668000 
1045.000000 2241.240000 
1046.000000 2242.744000 
1047.000000 2244.410000 
1048.000000 2246.002000 
1049.000000 2247.562000 
1050.000000 2249.074000 
1051.000000 2250.558000 
1052.000000 2252.040000 
1053.000000 2253.648000 
1054.000000 2255.242000 
1055.000000 2256.778000 
1056.000000 2258.322000 
1057.000000 2259.822000 
1058.000000 2261.292000 
1059.000000 2262.726000 
1060.000000 2264.194000 
1061.000000 2265.638000 
1062.000000 2267.202000 
1063.000000 2268.642000 
1064.000000 2270.056000 
1065.000000 2271.464000 
1066.000000 2272.846000 
1067.000000 2274.282000 
1068.000000 2275.712000 
1069.000000 2277.118000 
1070.000000 2278.482000 
1071.000000 2279.812000 
1072.000000 2281.126000 
1073.000000 2282.526000 
1074.000000 2283.926000 
1075.000000 2285.224000 
1076.000000 2286.598000 
1077.000000 2287.864000 
1078.000000 2289.174000 
1079.000000 2290.528000 
1080.000000 2291.754000 
1081.000000 2293.016000 
1082.000000 2294.322000 
1083.000000 2295.634000 
1084.000000 2296.994000 
1085.000000 2298.220000 
1086.000000 2299.500000 
1087.000000 2300.692000 
1088.000000 2301.962000 
1089.000000 2303.264000 
1090.000000 2304.486000 
1091.000000 2305.618000 
1092.000000 2306.810000 
1093.000000 2308.086000 
1094.000000 2309.358000 
1095.000000 2310.532000 
1096.000000 2311.770000 
1097.000000 2312.944000 
1098.000000 2314.106000 
1099.000000 2315.216000 
1100.000000 2316.372000 
1101.000000 2317.516000 
1102.000000 2318.676000 
1103.000000 2319.732000 
1104.000000 2320.840000 
1105.000000 2321.950000 
1106.000000 2323.066000 
1107.000000 2324.234000 
1108.000000 2325.306000 
1109.000000 2326.452000 
1110.000000 2327.582000 
1111.000000 2328.676000 
1112.000000 2329.744000 
1113.000000 2330.834000 
1114.000000 2331.920000 
1115.000000 2332.880000 
1116.000000 2333.972000 
1117.000000 2335.086000 
1118.000000 2336.102000 
1119.000000 2337.082000 
1120.000000 2338.128000 
1121.000000 2339.142000 
1122.000000 2340.146000 
1123.000000 2341.182000 
1124.000000 2342.222000 
1125.000000 2343.180000 
1126.000000 2344.104000 
1127.000000 2345.118000 
1128.000000 2346.144000 
1129.000000 2347.078000 
1130.000000 2348.112000 
1131.000000 2349.008000 
1132.000000 2349.926000 
1133.000000 2350.884000 
1134.000000 2351.898000 
1135.000000 2352.860000 
1136.000000 2353.778000 
1137.000000 2354.694000 
1138.000000 2355.652000 
1139.000000 2356.624000 
1140.000000 2357.558000 
1141.000000 2358.412000 
1142.000000 2359.282000 
1143.000000 2360.210000 
1144.000000 2361.112000 
1145.000000 2362.052000 
1146.000000 2362.882000 
1147.000000 2363.718000 
1148.000000 2364.668000 
1149.000000 2365.584000 
1150.000000 2366.538000 
1151.000000 2367.406000 
1152.000000 2368.216000 
1153.000000 2369.122000 
1154.000000 2369.988000 
1155.000000 2370.824000 
1156.000000 2371.656000 
1157.000000 2372.590000 
1158.000000 2373.352000 
1159.000000 2374.202000 
1160.000000 2374.994000 
1161.000000 2375.794000 
1162.000000 2376.596000 
1163.000000 2377.376000 
1164.000000 2378.212000 
1165.000000 2378.996000 
1166.000000 2379.792000 
1167.000000 2380.506000 
1168.000000 2381.196000 
1169.000000 2381.962000 
1170.000000 2382.830000 
1171.000000 2383.576000 
1172.000000 2384.260000 
1173.000000 2385.056000 
1174.000000 2385.854000 
1175.000000 2386.660000 
1176.000000 2387.334000 
1177.000000 2388.058000 
1178.000000 2388.768000 
1179.000000 2389.496000 
1180.000000 2390.178000 
1181.000000 2390.908000 
1182.000000 2391.572000 
1183.000000 2392.222000 
1184.000000 2392.882000 
1185.000000 2393.532000 
1186.000000 2394.202000 
1187.000000 2394.830000 
1188.000000 2395.510000 
1189.000000 2396.172000 
1190.000000 2396.836000 
1191.000000 2397.538000 
1192.000000 2398.180000 
1193.000000 2398.876000 
1194.000000 2399.620000 
1195.000000 2400.296000 
1196.000000 2400.962000 
1197.000000 2401.622000 
1198.000000 2402.246000 
1199.000000 2402.840000 
1200.000000 2403.486000 
1201.000000 2404.134000 
1202.000000 2404.686000 
1203.000000 2405.308000 
1204.000000 2405.972000 
1205.000000 2406.560000 
1206.000000 2407.116000 
1207.000000 2407.664000 
1208.000000 2408.302000 
1209.000000 2408.862000 
1210.000000 2409.394000 
1211.000000 2409.924000 
1212.000000 2410.524000 
1213.000000 2411.082000 
1214.000000 2411.686000 
1215.000000 2412.194000 
1216.000000 2412.714000 
1217.000000 2413.324000 
1218.000000 2413.914000 
1219.000000 2414.474000 
1220.000000 2415.022000 
1221.000000 2415.510000 
1222.000000 2416.052000 
1223.000000 2416.654000 
1224.000000 2417.148000 
1225.000000 2417.628000 
1226.000000 2418.122000 
1227.000000 2418.678000 
1228.000000 2419.202000 
1229.000000 2419.786000 
1230.000000 2420.308000 
1231.000000 2420.788000 
1232.000000 2421.294000 
1233.000000 2421.812000 
1234.000000 2422.324000 
1235.000000 2422.792000 
1236.000000 2423.312000 
1237.000000 2423.790000 
1238.000000 2424.312000 
1239.000000 2424.888000 
1240.000000 2425.392000 
1241.000000 2425.796000 
1242.000000 2426.292000 
1243.000000 2426.750000 
1244.000000 2427.176000 
1245.000000 2427.642000 
1246.000000 2428.036000 
1247.000000 2428.532000 
1248.000000 2428.970000 
1249.000000 2429.422000 
1250.000000 2429.834000 
1251.000000 2430.280000 
1252.000000 2430.768000 
1253.000000 2431.186000 
1254.000000 2431.610000 
1255.000000 2432.060000 
1256.000000 2432.484000 
1257.000000 2432.904000 
1258.000000 2433.334000 
1259.000000 2433.764000 
1260.000000 2434.210000 
1261.000000 2434.582000 
1262.000000 2434.960000 
1263.000000 2435.394000 
1264.000000 2435.772000 
1265.000000 2436.156000 
1266.000000 2436.530000 
1267.000000 2436.972000 
1268.000000 2437.410000 
1269.000000 2437.778000 
1270.000000 2438.204000 
1271.000000 2438.630000 
1272.000000 2439.000000 
1273.000000 2439.394000 
1274.000000 2439.766000 
1275.000000 2440.136000 
1276.000000 2440.536000 
1277.000000 2440.952000 
1278.000000 2441.288000 
1279.000000 2441.658000 
1280.000000 2441.986000 
1281.000000 2442.382000 
1282.000000 2442.754000 
1283.000000 2443.082000 
1284.000000 2443.460000 
1285.000000 2443.868000 
1286.000000 2444.210000 
1287.000000 2444.576000 
1288.000000 2444.926000 
1289.000000 2445.302000 
1290.000000 2445.654000 
1291.000000 2446.000000 
1292.000000 2446.352000 
1293.000000 2446.686000 
1294.000000 2447.024000 
1295.000000 2447.340000 
1296.000000 2447.704000 
1297.000000 2448.050000 
1298.000000 2448.382000 
1299.000000 2448.686000 
1300.000000 2448.984000 
1301.000000 2449.292000 
1302.000000 2449.652000 
1303.000000 2449.988000 
1304.000000 2450.278000 
1305.000000 2450.566000 
1306.000000 2450.902000 
1307.000000 2451.212000 
1308.000000 2451.520000 
1309.000000 2451.792000 
1310.000000 2452.138000 
1311.000000 2452.426000 
1312.000000 2452.706000 
1313.000000 2453.032000 
1314.000000 2453.320000 
1315.000000 2453.640000 
1316.000000 2453.938000 
1317.000000 2454.248000 
1318.000000 2454.568000 
1319.000000 2454.866000 
1320.000000 2455.202000 
1321.000000 2455.548000 
1322.000000 2455.868000 
1323.000000 2456.176000 
1324.000000 2456.480000 
1325.000000 2456.760000 
1326.000000 2457.028000 
1327.000000 2457.294000 
1328.000000 2457.518000 
1329.000000 2457.764000 
1330.000000 2458.052000 
1331.000000 2458.372000 
1332.000000 2458.632000 
1333.000000 2458.910000 
1334.000000 2459.190000 
1335.000000 2459.446000 
1336.000000 2459.694000 
1337.000000 2459.926000 
1338.000000 2460.184000 
1339.000000 2460.434000 
1340.000000 2460.714000 
1341.000000 2460.968000 
1342.000000 2461.206000 
1343.000000 2461.444000 
1344.000000 2461.682000 
1345.000000 2461.924000 
1346.000000 2462.176000 
1347.000000 2462.422000 
1348.000000 2462.660000 
1349.000000 2462.876000 
1350.000000 2463.114000 
1351.000000 2463.370000 
1352.000000 2463.636000 
1353.000000 2463.884000 
1354.000000 2464.114000 
1355.000000 2464.330000 
1356.000000 2464.602000 
1357.000000 2464.842000 
1358.000000 2465.072000 
1359.000000 2465.294000 
1360.000000 2465.506000 
1361.000000 2465.776000 
1362.000000 2465.988000 
1363.000000 2466.210000 
1364.000000 2466.430000 
1365.000000 2466.656000 
1366.000000 2466.848000 
1367.000000 2467.082000 
1368.000000 2467.300000 
1369.000000 2467.520000 
1370.000000 2467.744000 
1371.000000 2467.926000 
1372.000000 2468.120000 
1373.000000 2468.314000 
1374.000000 2468.498000 
1375.000000 2468.666000 
1376.000000 2468.890000 
1377.000000 2469.102000 
1378.000000 2469.286000 
1379.000000 2469.494000 
1380.000000 2469.718000 
1381.000000 2469.910000 
1382.000000 2470.118000 
1383.000000 2470.282000 
1384.000000 2470.476000 
1385.000000 2470.654000 
1386.000000 2470.830000 
1387.000000 2471.014000 
1388.000000 2471.192000 
1389.000000 2471.406000 
1390.000000 2471.608000 
1391.000000 2471.828000 
1392.000000 2472.002000 
1393.000000 2472.180000 
1394.000000 2472.346000 
1395.000000 2472.500000 
1396.000000 2472.680000 
1397.000000 2472.852000 
1398.000000 2473.018000 
1399.000000 2473.200000 
1400.000000 2473.396000 
1401.000000 2473.546000 
1402.000000 2473.728000 
1403.000000 2473.914000 
1404.000000 2474.082000 
1405.000000 2474.244000 
1406.000000 2474.426000 
1407.000000 2474.612000 
1408.000000 2474.788000 
1409.000000 2474.990000 
1410.000000 2475.146000 
1411.000000 2475.324000 
1412.000000 2475.476000 
1413.000000 2475.656000 
1414.000000 2475.818000 
1415.000000 2476.012000 
1416.000000 2476.188000 
1417.000000 2476.356000 
1418.000000 2476.520000 
1419.000000 2476.666000 
1420.000000 2476.796000 
1421.000000 2476.930000 
1422.000000 2477.090000 
1423.000000 2477.254000 
1424.000000 2477.394000 
1425.000000 2477.518000 
1426.000000 2477.672000 
1427.000000 2477.822000 
1428.000000 2477.972000 
1429.000000 2478.122000 
1430.000000 2478.248000 
1431.000000 2478.390000 
1432.000000 2478.544000 
1433.000000 2478.688000 
1434.000000 2478.818000 
1435.000000 2478.944000 
1436.000000 2479.098000 
1437.000000 2479.242000 
1438.000000 2479.380000 
1439.000000 2479.500000 
1440.000000 2479.622000 
1441.000000 2479.764000 
1442.000000 2479.896000 
1443.000000 2480.048000 
1444.000000 2480.192000 
1445.000000 2480.346000 
1446.000000 2480.474000 
1447.000000 2480.630000 
1448.000000 2480.780000 
1449.000000 2480.922000 
1450.000000 2481.050000 
1451.000000 2481.182000 
1452.000000 2481.324000 
1453.000000 2481.454000 
1454.000000 2481.576000 
1455.000000 2481.688000 
1456.000000 2481.802000 
1457.000000 2481.936000 
1458.000000 2482.056000 
1459.000000 2482.180000 
1460.000000 2482.310000 
1461.000000 2482.446000 
1462.000000 2482.568000 
1463.000000 2482.692000 
1464.000000 2482.838000 
1465.000000 2482.950000 
1466.000000 2483.070000 
1467.000000 2483.204000 
1468.000000 2483.330000 
1469.000000 2483.434000 
1470.000000 2483.534000 
1471.000000 2483.636000 
1472.000000 2483.754000 
1473.000000 2483.876000 
1474.000000 2484.006000 
1475.000000 2484.092000 
1476.000000 2484.196000 
1477.000000 2484.302000 
1478.000000 2484.420000 
1479.000000 2484.526000 
1480.000000 2484.612000 
1481.000000 2484.738000 
1482.000000 2484.818000 
1483.000000 2484.922000 
1484.000000 2485.044000 
1485.000000 2485.174000 
1486.000000 2485.290000 
1487.000000 2485.404000 
1488.000000 2485.520000 
1489.000000 2485.626000 
1490.000000 2485.718000 
1491.000000 2485.810000 
1492.000000 2485.924000 
1493.000000 2486.046000 
1494.000000 2486.114000 
1495.000000 2486.204000 
1496.000000 2486.326000 
1497.000000 2486.434000 
1498.000000 2486.526000 
1499.000000 2486.630000 
1500.000000 2486.742000 
1501.000000 2486.834000 
1502.000000 2486.930000 
1503.000000 2487.036000 
1504.000000 2487.124000 
1505.000000 2487.206000 
1506.000000 2487.292000 
1507.000000 2487.410000 
1508.000000 2487.496000 
1509.000000 2487.574000 
1510.000000 2487.666000 
1511.000000 2487.748000 
1512.000000 2487.850000 
1513.000000 2487.942000 
1514.000000 2488.024000 
1515.000000 2488.130000 
1516.000000 2488.230000 
1517.000000 2488.340000 
1518.000000 2488.402000 
1519.000000 2488.506000 
1520.000000 2488.588000 
1521.000000 2488.664000 
1522.000000 2488.738000 
1523.000000 2488.826000 
1524.000000 2488.898000 
1525.000000 2488.990000 
1526.000000 2489.062000 
1527.000000 2489.144000 
1528.000000 2489.240000 
1529.000000 2489.324000 
1530.000000 2489.408000 
1531.000000 2489.476000 
1532.000000 2489.568000 
1533.000000 2489.632000 
1534.000000 2489.700000 
1535.000000 2489.762000 
1536.000000 2489.846000 
1537.000000 2489.908000 
1538.000000 2489.970000 
1539.000000 2490.044000 
1540.000000 2490.124000 
1541.000000 2490.188000 
1542.000000 2490.260000 
1543.000000 2490.334000 
1544.000000 2490.422000 
1545.000000 2490.494000 
1546.000000 2490.564000 
1547.000000 2490.638000 
1548.000000 2490.704000 
1549.000000 2490.764000 
1550.000000 2490.846000 
1551.000000 2490.904000 
1552.000000 2490.968000 
1553.000000 2491.048000 
1554.000000 2491.092000 
1555.000000 2491.174000 
1556.000000 2491.250000 
1557.000000 2491.320000 
1558.000000 2491.382000 
1559.000000 2491.452000 
1560.000000 2491.526000 
1561.000000 2491.596000 
1562.000000 2491.652000 
1563.000000 2491.722000 
1564.000000 2491.782000 
1565.000000 2491.868000 
1566.000000 2491.930000 
1567.000000 2491.994000 
1568.000000 2492.042000 
1569.000000 2492.098000 
1570.000000 2492.180000 
1571.000000 2492.242000 
1572.000000 2492.300000 
1573.000000 2492.364000 
1574.000000 2492.418000 
1575.000000 2492.478000 
1576.000000 2492.522000 
1577.000000 2492.588000 
1578.000000 2492.642000 
1579.000000 2492.710000 
1580.000000 2492.762000 
1581.000000 2492.826000 
1582.000000 2492.888000 
1583.000000 2492.952000 
1584.000000 2493.020000 
1585.000000 2493.072000 
1586.000000 2493.124000 
1587.000000 2493.186000 
1588.000000 2493.236000 
1589.000000 2493.272000 
1590.000000 2493.332000 
1591.000000 2493.372000 
1592.000000 2493.416000 
1593.000000 2493.464000 
1594.000000 2493.514000 
1595.000000 2493.558000 
1596.000000 2493.592000 
1597.000000 2493.640000 
1598.000000 2493.680000 
1599.000000 2493.746000 
1600.000000 2493.814000 
1601.000000 2493.868000 
1602.000000 2493.912000 
1603.000000 2493.962000 
1604.000000 2494.022000 
1605.000000 2494.068000 
1606.000000 2494.122000 
1607.000000 2494.156000 
1608.000000 2494.188000 
1609.000000 2494.232000 
1610.000000 2494.274000 
1611.000000 2494.318000 
1612.000000 2494.366000 
1613.000000 2494.422000 
1614.000000 2494.470000 
1615.000000 2494.506000 
1616.000000 2494.556000 
1617.000000 2494.590000 
1618.000000 2494.640000 
1619.000000 2494.694000 
1620.000000 2494.750000 
1621.000000 2494.794000 
1622.000000 2494.840000 
1623.000000 2494.870000 
1624.000000 2494.930000 
1625.000000 2494.976000 
1626.000000 2495.014000 
1627.000000 2495.070000 
1628.000000 2495.132000 
1629.000000 2495.160000 
1630.000000 2495.200000 
1631.000000 2495.242000 
1632.000000 2495.294000 
1633.000000 2495.336000 
1634.000000 2495.388000 
1635.000000 2495.434000 
1636.000000 2495.464000 
1637.000000 2495.500000 
1638.000000 2495.556000 
1639.000000 2495.598000 
1640.000000 2495.632000 
1641.000000 2495.676000 
1642.000000 2495.716000 
1643.000000 2495.766000 
1644.000000 2495.796000 
1645.000000 2495.838000 
1646.000000 2495.858000 
1647.000000 2495.902000 
1648.000000 2495.946000 
1649.000000 2495.994000 
1650.000000 2496.034000 
1651.000000 2496.084000 
1652.000000 2496.136000 
1653.000000 2496.160000 
1654.000000 2496.190000 
1655.000000 2496.220000 
1656.000000 2496.262000 
1657.000000 2496.300000 
1658.000000 2496.344000 
1659.000000 2496.388000 
1660.000000 2496.456000 
1661.000000 2496.500000 
1662.000000 2496.512000 
1663.000000 2496.554000 
1664.000000 2496.596000 
1665.000000 2496.628000 
1666.000000 2496.670000 
1667.000000 2496.706000 
1668.000000 2496.746000 
1669.000000 2496.780000 
1670.000000 2496.824000 
1671.000000 2496.850000 
1672.000000 2496.888000 
1673.000000 2496.910000 
1674.000000 2496.930000 
1675.000000 2496.952000 
1676.000000 2496.988000 
1677.000000 2497.018000 
1678.000000 2497.058000 
1679.000000 2497.092000 
1680.000000 2497.122000 
1681.000000 2497.146000 
1682.000000 2497.180000 
1683.000000 2497.212000 
1684.000000 2497.236000 
1685.000000 2497.258000 
1686.000000 2497.278000 
1687.000000 2497.306000 
1688.000000 2497.326000 
1689.000000 2497.356000 
1690.000000 2497.380000 
1691.000000 2497.416000 
1692.000000 2497.442000 
1693.000000 2497.464000 
1694.000000 2497.500000 
1695.000000 2497.514000 
1696.000000 2497.546000 
1697.000000 2497.576000 
1698.000000 2497.608000 
1699.000000 2497.626000 
1700.000000 2497.640000 
1701.000000 2497.658000 
1702.000000 2497.680000 
1703.000000 2497.698000 
1704.000000 2497.712000 
1705.000000 2497.734000 
1706.000000 2497.754000 
1707.000000 2497.792000 
1708.000000 2497.808000 
1709.000000 2497.820000 
1710.000000 2497.830000 
1711.000000 2497.856000 
1712.000000 2497.874000 
1713.000000 2497.898000 
1714.000000 2497.910000 
1715.000000 2497.930000 
1716.000000 2497.948000 
1717.000000 2497.960000 
1718.000000 2497.978000 
1719.000000 2497.992000 
1720.000000 2498.018000 
1721.000000 2498.038000 
1722.000000 2498.054000 
1723.000000 2498.074000 
1724.000000 2498.086000 
1725.000000 2498.104000 
1726.000000 2498.124000 
1727.000000 2498.138000 
1728.000000 2498.150000 
1729.000000 2498.180000 
1730.000000 2498.202000 
1731.000000 2498.232000 
1732.000000 2498.256000 
1733.000000 2498.268000 
1734.000000 2498.280000 
1735.000000 2498.312000 
1736.000000 2498.324000 
1737.000000 2498.344000 
1738.000000 2498.370000 
1739.000000 2498.386000 
1740.000000 2498.396000 
1741.000000 2498.406000 
1742.000000 2498.428000 
1743.000000 2498.448000 
1744.000000 2498.456000 
1745.000000 2498.484000 
1746.000000 2498.514000 
1747.000000 2498.530000 
1748.000000 2498.538000 
1749.000000 2498.558000 
1750.000000 2498.576000 
1751.000000 2498.596000 
1752.000000 2498.614000 
1753.000000 2498.620000 
1754.000000 2498.642000 
1755.000000 2498.660000 
1756.000000 2498.674000 
1757.000000 2498.694000 
1758.000000 2498.712000 
1759.000000 2498.724000 
1760.000000 2498.742000 
1761.000000 2498.760000 
1762.000000 2498.780000 
1763.000000 2498.796000 
1764.000000 2498.810000 
1765.000000 2498.822000 
1766.000000 2498.832000 
1767.000000 2498.844000 
1768.000000 2498.846000 
1769.000000 2498.860000 
1770.000000 2498.868000 
1771.000000 2498.880000 
1772.000000 2498.890000 
1773.000000 2498.908000 
1774.000000 2498.922000 
1775.000000 2498.938000 
1776.000000 2498.946000 
1777.000000 2498.958000 
1778.000000 2498.968000 
1779.000000 2498.974000 
1780.000000 2498.988000 
1781.000000 2498.998000 
1782.000000 2499.010000 
1783.000000 2499.026000 
1784.000000 2499.038000 
1785.000000 2499.044000 
1786.000000 2499.058000 
1787.000000 2499.068000 
1788.000000 2499.084000 
1789.000000 2499.090000 
1790.000000 2499.104000 
1791.000000 2499.108000 
1792.000000 2499.118000 
1793.000000 2499.128000 
1794.000000 2499.136000 
1795.000000 2499.146000 
1796.000000 2499.152000 
1797.000000 2499.162000 
1798.000000 2499.182000 
1799.000000 2499.200000 
1800.000000 2499.202000 
1801.000000 2499.210000 
1802.000000 2499.224000 
1803.000000 2499.230000 
1804.000000 2499.244000 
1805.000000 2499.258000 
1806.000000 2499.262000 
1807.000000 2499.274000 
1808.000000 2499.280000 
1809.000000 2499.288000 
1810.000000 2499.290000 
1811.000000 2499.296000 
1812.000000 2499.310000 
1813.000000 2499.320000 
1814.000000 2499.328000 
1815.000000 2499.334000 
1816.000000 2499.336000 
1817.000000 2499.342000 
1818.000000 2499.350000 
1819.000000 2499.364000 
1820.000000 2499.374000 
1821.000000 2499.384000 
1822.000000 2499.388000 
1823.000000 2499.392000 
1824.000000 2499.406000 
1825.000000 2499.412000 
1826.000000 2499.420000 
1827.000000 2499.426000 
1828.000000 2499.438000 
1829.000000 2499.438000 
1830.000000 2499.440000 
1831.000000 2499.448000 
1832.000000 2499.454000 
1833.000000 2499.460000 
1834.000000 2499.462000 
1835.000000 2499.466000 
1836.000000 2499.470000 
1837.000000 2499.474000 
1838.000000 2499.478000 
1839.000000 2499.486000 
1840.000000 2499.492000 
1841.000000 2499.506000 
1842.000000 2499.512000 
1843.000000 2499.520000 
1844.000000 2499.524000 
1845.000000 2499.532000 
1846.000000 2499.548000 
1847.000000 2499.556000 
1848.000000 2499.560000 
1849.000000 2499.570000 
1850.000000 2499.576000 
1851.000000 2499.578000 
1852.000000 2499.582000 
1853.000000 2499.582000 
1854.000000 2499.592000 
1855.000000 2499.602000 
1856.000000 2499.608000 
1857.000000 2499.618000 
1858.000000 2499.624000 
1859.000000 2499.624000 
1860.000000 2499.628000 
1861.000000 2499.630000 
1862.000000 2499.638000 
1863.000000 2499.640000 
1864.000000 2499.644000 
1865.000000 2499.648000 
1866.000000 2499.652000 
1867.000000 2499.662000 
1868.000000 2499.668000 
1869.000000 2499.674000 
1870.000000 2499.680000 
1871.000000 2499.684000 
1872.000000 2499.684000 
1873.000000 2499.684000 
1874.000000 2499.692000 
1875.000000 2499.694000 
1876.000000 2499.696000 
1877.000000 2499.696000 
1878.000000 2499.700000 
1879.000000 2499.706000 
1880.000000 2499.708000 
1881.000000 2499.710000 
1882.000000 2499.712000 
1883.000000 2499.716000 
1884.000000 2499.718000 
1885.000000 2499.718000 
1886.000000 2499.720000 
1887.000000 2499.722000 
1888.000000 2499.724000 
1889.000000 2499.730000 
1890.000000 2499.730000 
1891.000000 2499.732000 
1892.000000 2499.734000 
1893.000000 2499.740000 
1894.000000 2499.746000 
1895.000000 2499.748000 
1896.000000 2499.752000 
1897.000000 2499.752000 
1898.000000 2499.760000 
1899.000000 2499.760000 
1900.000000 2499.762000 
1901.000000 2499.766000 
1902.000000 2499.768000 
1903.000000 2499.770000 
1904.000000 2499.778000 
1905.000000 2499.778000 
1906.000000 2499.780000 
1907.000000 2499.782000 
1908.000000 2499.784000 
1909.000000 2499.784000 
1910.000000 2499.786000 
1911.000000 2499.788000 
1912.000000 2499.788000 
1913.000000 2499.790000 
1914.000000 2499.794000 
1915.000000 2499.794000 
1916.000000 2499.796000 
1917.000000 2499.798000 
1918.000000 2499.802000 
1919.000000 2499.806000 
1920.000000 2499.808000 
1921.000000 2499.808000 
1922.000000 2499.808000 
1923.000000 2499.810000 
1924.000000 2499.814000 
1925.000000 2499.820000 
1926.000000 2499.824000 
1927.000000 2499.824000 
1928.000000 2499.828000 
1929.000000 2499.832000 
1930.000000 2499.832000 
1931.000000 2499.834000 
1932.000000 2499.838000 
1933.000000 2499.838000 
1934.000000 2499.838000 
1935.000000 2499.838000 
1936.000000 2499.840000 
1937.000000 2499.844000 
1938.000000 2499.846000 
1939.000000 2499.846000 
1940.000000 2499.846000 
1941.000000 2499.846000 
1942.000000 2499.846000 
1943.000000 2499.846000 
1944.000000 2499.852000 
1945.000000 2499.852000 
1946.000000 2499.852000 
1947.000000 2499.854000 
1948.000000 2499.856000 
1949.000000 2499.858000 
1950.000000 2499.864000 
1951.000000 2499.864000 
1952.000000 2499.866000 
1953.000000 2499.866000 
1954.000000 2499.868000 
1955.000000 2499.868000 
1956.000000 2499.870000 
1957.000000 2499.874000 
1958.000000 2499.876000 
1959.000000 2499.876000 
1960.000000 2499.876000 
1961.000000 2499.878000 
1962.000000 2499.878000 
1963.000000 2499.882000 
1964.000000 2499.888000 
1965.000000 2499.888000 
1966.000000 2499.890000 
1967.000000 2499.890000 
1968.000000 2499.890000 
1969.000000 2499.890000 
1970.000000 2499.892000 
1971.000000 2499.892000 
1972.000000 2499.894000 
1973.000000 2499.898000 
1974.000000 2499.898000 
1975.000000 2499.898000 
1976.000000 2499.898000 
1977.000000 2499.900000 
1978.000000 2499.900000 
1979.000000 2499.900000 
1980.000000 2499.900000 
1981.000000 2499.900000 
1982.000000 2499.902000 
1983.000000 2499.902000 
1984.000000 2499.904000 
1985.000000 2499.904000 
1986.000000 2499.908000 
1987.000000 2499.910000 
1988.000000 2499.910000 
1989.000000 2499.912000 
1990.000000 2499.916000 
1991.000000 2499.918000 
1992.000000 2499.918000 
1993.000000 2499.918000 
1994.000000 2499.920000 
1995.000000 2499.922000 
1996.000000 2499.922000 
1997.000000 2499.922000 
1998.000000 2499.924000 
1999.000000 2499.924000 
2000.000000 2499.926000 
2001.000000 2499.926000 
2002.000000 2499.928000 
2003.000000 2499.928000 
2004.000000 2499.932000 
2005.000000 2499.934000 
2006.000000 2499.934000 
2007.000000 2499.936000 
2008.000000 2499.936000 
2009.000000 2499.936000 
2010.000000 2499.936000 
2011.000000 2499.940000 
2012.000000 2499.944000 
2013.000000 2499.944000 
2014.000000 2499.944000 
2015.000000 2499.944000 
2016.000000 2499.944000 
2017.000000 2499.944000 
2018.000000 2499.944000 
2019.000000 2499.944000 
2020.000000 2499.944000 
2021.000000 2499.944000 
2022.000000 2499.944000 
2023.000000 2499.946000 
2024.000000 2499.946000 
2025.000000 2499.952000 
2026.000000 2499.952000 
2027.000000 2499.952000 
2028.000000 2499.952000 
2029.000000 2499.952000 
2030.000000 2499.952000 
2031.000000 2499.952000 
2032.000000 2499.952000 
2033.000000 2499.952000 
2034.000000 2499.952000 
2035.000000 2499.954000 
2036.000000 2499.954000 
2037.000000 2499.954000 
2038.000000 2499.954000 
2039.000000 2499.954000 
2040.000000 2499.956000 
2041.000000 2499.956000 
2042.000000 2499.956000 
2043.000000 2499.956000 
2044.000000 2499.956000 
2045.000000 2499.956000 
2046.000000 2499.956000 
2047.000000 2499.956000 
2048.000000 2499.956000 
2049.000000 2499.956000 
2050.000000 2499.956000 
2051.000000 2499.958000 
2052.000000 2499.958000 
2053.000000 2499.958000 
2054.000000 2499.960000 
2055.000000 2499.960000 
2056.000000 2499.960000 
2057.000000 2499.960000 
2058.000000 2499.960000 
2059.000000 2499.960000 
2060.000000 2499.962000 
2061.000000 2499.962000 
2062.000000 2499.964000 
2063.000000 2499.964000 
2064.000000 2499.964000 
2065.000000 2499.966000 
2066.000000 2499.966000 
2067.000000 2499.966000 
2068.000000 2499.966000 
2069.000000 2499.968000 
2070.000000 2499.968000 
2071.000000 2499.968000 
2072.000000 2499.968000 
2073.000000 2499.968000 
2074.000000 2499.968000 
2075.000000 2499.968000 
2076.000000 2499.968000 
2077.000000 2499.968000 
2078.000000 2499.968000 
2079.000000 2499.968000 
2080.000000 2499.970000 
2081.000000 2499.970000 
2082.000000 2499.970000 
2083.000000 2499.970000 
2084.000000 2499.970000 
2085.000000 2499.970000 
2086.000000 2499.970000 
2087.000000 2499.970000 
2088.000000 2499.974000 
2089.000000 2499.974000 
2090.000000 2499.974000 
2091.000000 2499.974000 
2092.000000 2499.974000 
2093.000000 2499.974000 
2094.000000 2499.976000 
2095.000000 2499.976000 
2096.000000 2499.978000 
2097.000000 2499.980000 
2098.000000 2499.982000 
2099.000000 2499.982000 
2100.000000 2499.984000 
2101.000000 2499.984000 
2102.000000 2499.984000 
2103.000000 2499.984000 
2104.000000 2499.986000 
2105.000000 2499.986000 
2106.000000 2499.986000 
2107.000000 2499.988000 
2108.000000 2499.988000 
2109.000000 2499.988000 
2110.000000 2499.988000 
2111.000000 2499.988000 
2112.000000 2499.988000 
2113.000000 2499.988000 
2114.000000 2499.988000 
2115.000000 2499.988000 
2116.000000 2499.988000 
2117.000000 2499.990000 
2118.000000 2499.990000 
2119.000000 2499.990000 
2120.000000 2499.990000 
2121.000000 2499.990000 
2122.000000 2499.990000 
2123.000000 2499.990000 
2124.000000 2499.990000 
2125.000000 2499.990000 
2126.000000 2499.990000 
2127.000000 2499.990000 
2128.000000 2499.990000 
2129.000000 2499.990000 
2130.000000 2499.992000 
2131.000000 2499.992000 
2132.000000 2499.992000 
2133.000000 2499.992000 
2134.000000 2499.992000 
2135.000000 2499.992000 
2136.000000 2499.992000 
2137.000000 2499.992000 
2138.000000 2499.992000 
2139.000000 2499.992000 
2140.000000 2499.992000 
2141.000000 2499.992000 
2142.000000 2499.992000 
2143.000000 2499.992000 
2144.000000 2499.992000 
2145.000000 2499.992000 
2146.000000 2499.992000 
2147.000000 2499.992000 
2148.000000 2499.992000 
2149.000000 2499.992000 
2150.000000 2499.992000 
2151.000000 2499.992000 
2152.000000 2499.992000 
2153.000000 2499.992000 
2154.000000 2499.992000 
2155.000000 2499.992000 
2156.000000 2499.992000 
2157.000000 2499.992000 
2158.000000 2499.992000 
2159.000000 2499.992000 
2160.000000 2499.992000 
2161.000000 2499.992000 
2162.000000 2499.992000 
2163.000000 2499.992000 
2164.000000 2499.992000 
2165.000000 2499.992000 
2166.000000 2499.992000 
2167.000000 2499.992000 
2168.000000 2499.992000 
2169.000000 2499.992000 
2170.000000 2499.992000 
2171.000000 2499.992000 
2172.000000 2499.992000 
2173.000000 2499.992000 
2174.000000 2499.992000 
2175.000000 2499.992000 
2176.000000 2499.992000 
2177.000000 2499.992000 
2178.000000 2499.992000 
2179.000000 2499.992000 
2180.000000 2499.992000 
2181.000000 2499.992000 
2182.000000 2499.992000 
2183.000000 2499.992000 
2184.000000 2499.992000 
2185.000000 2499.992000 
2186.000000 2499.992000 
2187.000000 2499.992000 
2188.000000 2499.992000 
2189.000000 2499.992000 
2190.000000 2499.992000 
2191.000000 2499.992000 
2192.000000 2499.992000 
2193.000000 2499.992000 
2194.000000 2499.992000 
2195.000000 2499.992000 
2196.000000 2499.992000 
2197.000000 2499.992000 
2198.000000 2499.992000 
2199.000000 2499.992000 
2200.000000 2499.992000 
2201.000000 2499.992000 
2202.000000 2499.992000 
2203.000000 2499.992000 
2204.000000 2499.992000 
2205.000000 2499.992000 
2206.000000 2499.992000 
2207.000000 2499.992000 
2208.000000 2499.992000 
2209.000000 2499.992000 
2210.000000 2499.992000 
2211.000000 2499.992000 
2212.000000 2499.996000 
2213.000000 2499.996000 
2214.000000 2499.996000 
2215.000000 2499.996000 
2216.000000 2499.996000 
2217.000000 2499.996000 
2218.000000 2499.996000 
2219.000000 2499.996000 
2220.000000 2499.996000 
2221.000000 2499.996000 
2222.000000 2499.996000 
2223.000000 2499.996000 
2224.000000 2499.996000 
2225.000000 2499.996000 
2226.000000 2499.996000 
2227.000000 2499.996000 
2228.000000 2499.996000 
2229.000000 2499.996000 
2230.000000 2499.998000 
2231.000000 2499.998000 
2232.000000 2499.998000 
2233.000000 2499.998000 
2234.000000 2499.998000 
2235.000000 2499.998000 
2236.000000 2499.998000 
2237.000000 2499.998000 
2238.000000 2499.998000 
2239.000000 2499.998000 
2240.000000 2499.998000 
2241.000000 2499.998000 
2242.000000 2499.998000 
2243.000000 2499.998000 
2244.000000 2499.998000 
2245.000000 2499.998000 
2246.000000 2499.998000 
2247.000000 2499.998000 
2248.000000 2499.998000 
2249.000000 2499.998000 
2250.000000 2499.998000 
2251.000000 2499.998000 
2252.000000 2499.998000 
2253.000000 2499.998000 
2254.000000 2499.998000 
2255.000000 2499.998000 
2256.000000 2499.998000 
2257.000000 2499.998000 
2258.000000 2499.998000 
2259.000000 2499.998000 
2260.000000 2499.998000 
2261.000000 2499.998000 
2262.000000 2499.998000 
2263.000000 2499.998000 
2264.000000 2499.998000 
2265.000000 2499.998000 
2266.000000 2499.998000 
2267.000000 2499.998000 
2268.000000 2499.998000 
2269.000000 2499.998000 
2270.000000 2499.998000 
2271.000000 2499.998000 
2272.000000 2499.998000 
2273.000000 2499.998000 
2274.000000 2499.998000 
2275.000000 2499.998000 
2276.000000 2499.998000 
2277.000000 2499.998000 
2278.000000 2499.998000 
2279.000000 2499.998000 
2280.000000 2499.998000 
2281.000000 2499.998000 
2282.000000 2499.998000 
2283.000000 2499.998000 
2284.000000 2499.998000 
2285.000000 2499.998000 
2286.000000 2499.998000 
2287.000000 2499.998000 
2288.000000 2499.998000 
2289.000000 2499.998000 
2290.000000 2499.998000 
2291.000000 2499.998000 
2292.000000 2499.998000 
2293.000000 2499.998000 
2294.000000 2499.998000 
2295.000000 2499.998000 
2296.000000 2499.998000 
2297.000000 2499.998000 
2298.000000 2499.998000 
2299.000000 2499.998000 
2300.000000 2499.998000 
2301.000000 2499.998000 
2302.000000 2499.998000 
2303.000000 2499.998000 
2304.000000 2499.998000 
2305.000000 2499.998000 
2306.000000 2499.998000 
2307.000000 2499.998000 
2308.000000 2499.998000 
2309.000000 2499.998000 
2310.000000 2499.998000 
2311.000000 2499.998000 
2312.000000 2499.998000 
2313.000000 2499.998000 
2314.000000 2499.998000 
2315.000000 2499.998000 
2316.000000 2499.998000 
2317.000000 2499.998000 
2318.000000 2499.998000 
2319.000000 2499.998000 
2320.000000 2499.998000 
2321.000000 2499.998000 
2322.000000 2499.998000 
2323.000000 2499.998000 
2324.000000 2499.998000 
2325.000000 2499.998000 
2326.000000 2499.998000 
2327.000000 2499.998000 
2328.000000 2499.998000 
2329.000000 2499.998000 
2330.000000 2499.998000 
2331.000000 2499.998000 
2332.000000 2499.998000 
2333.000000 2499.998000 
2334.000000 2499.998000 
2335.000000 2499.998000 
2336.000000 2499.998000 
2337.000000 2499.998000 
2338.000000 2499.998000 
2339.000000 2499.998000 
2340.000000 2499.998000 
2341.000000 2499.998000 
2342.000000 2499.998000 
2343.000000 2499.998000 
2344.000000 2499.998000 
2345.000000 2499.998000 
2346.000000 2499.998000 
2347.000000 2499.998000 
2348.000000 2499.998000 
2349.000000 2499.998000 
2350.000000 2499.998000 
2351.000000 2499.998000 
2352.000000 2499.998000 
2353.000000 2499.998000 
2354.000000 2499.998000 
2355.000000 2499.998000 
2356.000000 2499.998000 
2357.000000 2499.998000 
2358.000000 2499.998000 
2359.000000 2499.998000 
2360.000000 2499.998000 
2361.000000 2499.998000 
2362.000000 2499.998000 
2363.000000 2499.998000 
2364.000000 2499.998000 
2365.000000 2499.998000 
2366.000000 2499.998000 
2367.000000 2499.998000 
2368.000000 2499.998000 
2369.000000 2499.998000 
2370.000000 2499.998000 
2371.000000 2499.998000 
2372.000000 2499.998000 
2373.000000 2499.998000 
2374.000000 2499.998000 
2375.000000 2499.998000 
2376.000000 2499.998000 
2377.000000 2499.998000 
2378.000000 2499.998000 
2379.000000 2499.998000 
2380.000000 2499.998000 
2381.000000 2499.998000 
2382.000000 2499.998000 
2383.000000 2499.998000 
2384.000000 2499.998000 
2385.000000 2499.998000 
2386.000000 2499.998000 
2387.000000 2499.998000 
2388.000000 2499.998000 
2389.000000 2499.998000 
2390.000000 2499.998000 
2391.000000 2500.000000 
2392.000000 2500.000000 
2393.000000 2500.000000 
2394.000000 2500.000000 
2395.000000 2500.000000 
2396.000000 2500.000000 
2397.000000 2500.000000 
2398.000000 2500.000000 
2399.000000 2500.000000 
2400.000000 2500.000000 
2401.000000 2500.000000 
2402.000000 2500.000000 
2403.000000 2500.000000 
2404.000000 2500.000000 
2405.000000 2500.000000 
2406.000000 2500.000000 
2407.000000 2500.000000 
2408.000000 2500.000000 
2409.000000 2500.000000 
2410.000000 2500.000000 
2411.000000 2500.000000 
2412.000000 2500.000000 
2413.000000 2500.000000 
2414.000000 2500.000000 
2415.000000 2500.000000 
2416.000000 2500.000000 
2417.000000 2500.000000 
2418.000000 2500.000000 
2419.000000 2500.000000 
2420.000000 2500.000000 
2421.000000 2500.000000 
2422.000000 2500.000000 
2423.000000 2500.000000 
2424.000000 2500.000000 
2425.000000 2500.000000 
2426.000000 2500.000000 
2427.000000 2500.000000 
2428.000000 2500.000000 
2429.000000 2500.000000 
2430.000000 2500.000000 
2431.000000 2500.000000 
2432.000000 2500.000000 
2433.000000 2500.000000 
2434.000000 2500.000000 
2435.000000 2500.000000 
2436.000000 2500.000000 
2437.000000 2500.000000 
2438.000000 2500.000000 
2439.000000 2500.000000 
2440.000000 2500.000000 
2441.000000 2500.000000 
2442.000000 2500.000000 
2443.000000 2500.000000 
2444.000000 2500.000000 
2445.000000 2500.000000 
2446.000000 2500.000000 
2447.000000 2500.000000 
2448.000000 2500.000000 
2449.000000 2500.000000 
2450.000000 2500.000000 
2451.000000 2500.000000 
2452.000000 2500.000000 
2453.000000 2500.000000 
2454.000000 2500.000000 
2455.000000 2500.000000 
2456.000000 2500.000000 
2457.000000 2500.000000 
2458.000000 2500.000000 
2459.000000 2500.000000 
2460.000000 2500.000000 
2461.000000 2500.000000 
2462.000000 2500.000000 
2463.000000 2500.000000 
2464.000000 2500.000000 
2465.000000 2500.000000 
2466.000000 2500.000000 
2467.000000 2500.000000 
2468.000000 2500.000000 
2469.000000 2500.000000 
2470.000000 2500.000000 
2471.000000 2500.000000 
2472.000000 2500.000000 
2473.000000 2500.000000 
2474.000000 2500.000000 
2475.000000 2500.000000 
2476.000000 2500.000000 
2477.000000 2500.000000 
2478.000000 2500.000000 
2479.000000 2500.000000 
2480.000000 2500.000000 
2481.000000 2500.000000 
2482.000000 2500.000000 
2483.000000 2500.000000 
2484.000000 2500.000000 
2485.000000 2500.000000 
2486.000000 2500.000000 
2487.000000 2500.000000 
2488.000000 2500.000000 
2489.000000 2500.000000 
2490.000000 2500.000000 
2491.000000 2500.000000 
2492.000000 2500.000000 
2493.000000 2500.000000 
2494.000000 2500.000000 
2495.000000 2500.000000 
2496.000000 2500.000000 
2497.000000 2500.000000 
2498.000000 2500.000000 
2499.000000 2500.000000 
2500.000000 2500.000000 
2501.000000 2500.000000 
2502.000000 2500.000000 
2503.000000 2500.000000 
2504.000000 2500.000000 
2505.000000 2500.000000 
2506.000000 2500.000000 
2507.000000 2500.000000 
2508.000000 2500.000000 
2509.000000 2500.000000 
2510.000000 2500.000000 
2511.000000 2500.000000 
2512.000000 2500.000000 
2513.000000 2500.000000 
2514.000000 2500.000000 
2515.000000 2500.000000 
2516.000000 2500.000000 
2517.000000 2500.000000 
2518.000000 2500.000000 
2519.000000 2500.000000 
2520.000000 2500.000000 
2521.000000 2500.000000 
2522.000000 2500.000000 
2523.000000 2500.000000 
2524.000000 2500.000000 
2525.000000 2500.000000 
2526.000000 2500.000000 
2527.000000 2500.000000 
2528.000000 2500.000000 
2529.000000 2500.000000 
2530.000000 2500.000000 
2531.000000 2500.000000 
2532.000000 2500.000000 
2533.000000 2500.000000 
2534.000000 2500.000000 
2535.000000 2500.000000 
2536.000000 2500.000000 
2537.000000 2500.000000 
2538.000000 2500.000000 
2539.000000 2500.000000 
2540.000000 2500.000000 
2541.000000 2500.000000 
2542.000000 2500.000000 
2543.000000 2500.000000 
2544.000000 2500.000000 
2545.000000 2500.000000 
2546.000000 2500.000000 
2547.000000 2500.000000 
2548.000000 2500.000000 
2549.000000 2500.000000 
2550.000000 2500.000000 
2551.000000 2500.000000 
2552.000000 2500.000000 
2553.000000 2500.000000 
2554.000000 2500.000000 
2555.000000 2500.000000 
2556.000000 2500.000000 
2557.000000 2500.000000 
2558.000000 2500.000000 
2559.000000 2500.000000 
2560.000000 2500.000000 
2561.000000 2500.000000 
2562.000000 2500.000000 
2563.000000 2500.000000 
2564.000000 2500.000000 
2565.000000 2500.000000 
2566.000000 2500.000000 
2567.000000 2500.000000 
2568.000000 2500.000000 
2569.000000 2500.000000 
2570.000000 2500.000000 
2571.000000 2500.000000 
2572.000000 2500.000000 
2573.000000 2500.000000 
2574.000000 2500.000000 
2575.000000 2500.000000 
2576.000000 2500.000000 
2577.000000 2500.000000 
2578.000000 2500.000000 
2579.000000 2500.000000 
2580.000000 2500.000000 
2581.000000 2500.000000 
2582.000000 2500.000000 
2583.000000 2500.000000 
2584.000000 2500.000000 
2585.000000 2500.000000 
2586.000000 2500.000000 
2587.000000 2500.000000 
2588.000000 2500.000000 
2589.000000 2500.000000 
2590.000000 2500.000000 
2591.000000 2500.000000 
2592.000000 2500.000000 
2593.000000 2500.000000 
2594.000000 2500.000000 
2595.000000 2500.000000 
2596.000000 2500.000000 
2597.000000 2500.000000 
2598.000000 2500.000000 
2599.000000 2500.000000 
2600.000000 2500.000000 
2601.000000 2500.000000 
2602.000000 2500.000000 
2603.000000 2500.000000 
2604.000000 2500.000000 
2605.000000 2500.000000 
2606.000000 2500.000000 
2607.000000 2500.000000 
2608.000000 2500.000000 
2609.000000 2500.000000 
2610.000000 2500.000000 
2611.000000 2500.000000 
2612.000000 2500.000000 
2613.000000 2500.000000 
2614.000000 2500.000000 
2615.000000 2500.000000 
2616.000000 2500.000000 
2617.000000 2500.000000 
2618.000000 2500.000000 
2619.000000 2500.000000 
2620.000000 2500.000000 
2621.000000 2500.000000 
2622.000000 2500.000000 
2623.000000 2500.000000 
2624.000000 2500.000000 
2625.000000 2500.000000 
2626.000000 2500.000000 
2627.000000 2500.000000 
2628.000000 2500.000000 
2629.000000 2500.000000 
2630.000000 2500.000000 
2631.000000 2500.000000 
2632.000000 2500.000000 
2633.000000 2500.000000 
2634.000000 2500.000000 
2635.000000 2500.000000 
2636.000000 2500.000000 
2637.000000 2500.000000 
2638.000000 2500.000000 
2639.000000 2500.000000 
2640.000000 2500.000000 
2641.000000 2500.000000 
2642.000000 2500.000000 
2643.000000 2500.000000 
2644.000000 2500.000000 
2645.000000 2500.000000 
2646.000000 2500.000000 
2647.000000 2500.000000 
2648.000000 2500.000000 
2649.000000 2500.000000 
2650.000000 2500.000000 
2651.000000 2500.000000 
2652.000000 2500.000000 
2653.000000 2500.000000 
2654.000000 2500.000000 
2655.000000 2500.000000 
2656.000000 2500.000000 
2657.000000 2500.000000 
2658.000000 2500.000000 
2659.000000 2500.000000 
2660.000000 2500.000000 
2661.000000 2500.000000 
2662.000000 2500.000000 
2663.000000 2500.000000 
2664.000000 2500.000000 
2665.000000 2500.000000 
2666.000000 2500.000000 
2667.000000 2500.000000 
2668.000000 2500.000000 
2669.000000 2500.000000 
2670.000000 2500.000000 
2671.000000 2500.000000 
2672.000000 2500.000000 
2673.000000 2500.000000 
2674.000000 2500.000000 
2675.000000 2500.000000 
2676.000000 2500.000000 
2677.000000 2500.000000 
2678.000000 2500.000000 
2679.000000 2500.000000 
2680.000000 2500.000000 
2681.000000 2500.000000 
2682.000000 2500.000000 
2683.000000 2500.000000 
2684.000000 2500.000000 
2685.000000 2500.000000 
2686.000000 2500.000000 
2687.000000 2500.000000 
2688.000000 2500.000000 
2689.000000 2500.000000 
2690.000000 2500.000000 
2691.000000 2500.000000 
2692.000000 2500.000000 
2693.000000 2500.000000 
2694.000000 2500.000000 
2695.000000 2500.000000 
2696.000000 2500.000000 
2697.000000 2500.000000 
2698.000000 2500.000000 
2699.000000 2500.000000 
2700.000000 2500.000000 
2701.000000 2500.000000 
2702.000000 2500.000000 
2703.000000 2500.000000 
2704.000000 2500.000000 
2705.000000 2500.000000 
2706.000000 2500.000000 
2707.000000 2500.000000 
2708.000000 2500.000000 
2709.000000 2500.000000 
2710.000000 2500.000000 
2711.000000 2500.000000 
2712.000000 2500.000000 
2713.000000 2500.000000 
2714.000000 2500.000000 
2715.000000 2500.000000 
2716.000000 2500.000000 
2717.000000 2500.000000 
2718.000000 2500.000000 
2719.000000 2500.000000 
2720.000000 2500.000000 
2721.000000 2500.000000 
2722.000000 2500.000000 
2723.000000 2500.000000 
2724.000000 2500.000000 
2725.000000 2500.000000 
2726.000000 2500.000000 
2727.000000 2500.000000 
2728.000000 2500.000000 
2729.000000 2500.000000 
2730.000000 2500.000000 
2731.000000 2500.000000 
2732.000000 2500.000000 
2733.000000 2500.000000 
2734.000000 2500.000000 
2735.000000 2500.000000 
2736.000000 2500.000000 
2737.000000 2500.000000 
2738.000000 2500.000000 
2739.000000 2500.000000 
2740.000000 2500.000000 
2741.000000 2500.000000 
2742.000000 2500.000000 
2743.000000 2500.000000 
2744.000000 2500.000000 
2745.000000 2500.000000 
2746.000000 2500.000000 
2747.000000 2500.000000 
2748.000000 2500.000000 
2749.000000 2500.000000 
2750.000000 2500.000000 
2751.000000 2500.000000 
2752.000000 2500.000000 
2753.000000 2500.000000 
2754.000000 2500.000000 
2755.000000 2500.000000 
2756.000000 2500.000000 
2757.000000 2500.000000 
2758.000000 2500.000000 
2759.000000 2500.000000 
2760.000000 2500.000000 
2761.000000 2500.000000 
2762.000000 2500.000000 
2763.000000 2500.000000 
2764.000000 2500.000000 
2765.000000 2500.000000 
2766.000000 2500.000000 
2767.000000 2500.000000 
2768.000000 2500.000000 
2769.000000 2500.000000 
2770.000000 2500.000000 
2771.000000 2500.000000 
2772.000000 2500.000000 
2773.000000 2500.000000 
2774.000000 2500.000000 
2775.000000 2500.000000 
2776.000000 2500.000000 
2777.000000 2500.000000 
2778.000000 2500.000000 
2779.000000 2500.000000 
2780.000000 2500.000000 
2781.000000 2500.000000 
2782.000000 2500.000000 
2783.000000 2500.000000 
2784.000000 2500.000000 
2785.000000 2500.000000 
2786.000000 2500.000000 
2787.000000 2500.000000 
2788.000000 2500.000000 
2789.000000 2500.000000 
2790.000000 2500.000000 
2791.000000 2500.000000 
2792.000000 2500.000000 
2793.000000 2500.000000 
2794.000000 2500.000000 
2795.000000 2500.000000 
2796.000000 2500.000000 
2797.000000 2500.000000 
2798.000000 2500.000000 
2799.000000 2500.000000 
2800.000000 2500.000000 
2801.000000 2500.000000 
2802.000000 2500.000000 
2803.000000 2500.000000 
2804.000000 2500.000000 
2805.000000 2500.000000 
2806.000000 2500.000000 
2807.000000 2500.000000 
2808.000000 2500.000000 
2809.000000 2500.000000 
2810.000000 2500.000000 
2811.000000 2500.000000 
2812.000000 2500.000000 
2813.000000 2500.000000 
2814.000000 2500.000000 
2815.000000 2500.000000 
2816.000000 2500.000000 
2817.000000 2500.000000 
2818.000000 2500.000000 
2819.000000 2500.000000 
2820.000000 2500.000000 
2821.000000 2500.000000 
2822.000000 2500.000000 
2823.000000 2500.000000 
2824.000000 2500.000000 
2825.000000 2500.000000 
2826.000000 2500.000000 
2827.000000 2500.000000 
2828.000000 2500.000000 
2829.000000 2500.000000 
2830.000000 2500.000000 
2831.000000 2500.000000 
2832.000000 2500.000000 
2833.000000 2500.000000 
2834.000000 2500.000000 
2835.000000 2500.000000 
2836.000000 2500.000000 
2837.000000 2500.000000 
2838.000000 2500.000000 
2839.000000 2500.000000 
2840.000000 2500.000000 
2841.000000 2500.000000 
2842.000000 2500.000000 
2843.000000 2500.000000 
2844.000000 2500.000000 
2845.000000 2500.000000 
2846.000000 2500.000000 
2847.000000 2500.000000 
2848.000000 2500.000000 
2849.000000 2500.000000 
2850.000000 2500.000000 
2851.000000 2500.000000 
2852.000000 2500.000000 
2853.000000 2500.000000 
2854.000000 2500.000000 
2855.000000 2500.000000 
2856.000000 2500.000000 
2857.000000 2500.000000 
2858.000000 2500.000000 
2859.000000 2500.000000 
2860.000000 2500.000000 
2861.000000 2500.000000 
2862.000000 2500.000000 
2863.000000 2500.000000 
2864.000000 2500.000000 
2865.000000 2500.000000 
2866.000000 2500.000000 
2867.000000 2500.000000 
2868.000000 2500.000000 
2869.000000 2500.000000 
2870.000000 2500.000000 
2871.000000 2500.000000 
2872.000000 2500.000000 
2873.000000 2500.000000 
2874.000000 2500.000000 
2875.000000 2500.000000 
2876.000000 2500.000000 
2877.000000 2500.000000 
2878.000000 2500.000000 
2879.000000 2500.000000 
2880.000000 2500.000000 
2881.000000 2500.000000 
2882.000000 2500.000000 
2883.000000 2500.000000 
2884.000000 2500.000000 
2885.000000 2500.000000 
2886.000000 2500.000000 
2887.000000 2500.000000 
2888.000000 2500.000000 
2889.000000 2500.000000 
2890.000000 2500.000000 
2891.000000 2500.000000 
2892.000000 2500.000000 
2893.000000 2500.000000 
2894.000000 2500.000000 
2895.000000 2500.000000 
2896.000000 2500.000000 
2897.000000 2500.000000 
2898.000000 2500.000000 
2899.000000 2500.000000 
2900.000000 2500.000000 
2901.000000 2500.000000 
2902.000000 2500.000000 
2903.000000 2500.000000 
2904.000000 2500.000000 
2905.000000 2500.000000 
2906.000000 2500.000000 
2907.000000 2500.000000 
2908.000000 2500.000000 
2909.000000 2500.000000 
2910.000000 2500.000000 
2911.000000 2500.000000 
2912.000000 2500.000000 
2913.000000 2500.000000 
2914.000000 2500.000000 
2915.000000 2500.000000 
2916.000000 2500.000000 
2917.000000 2500.000000 
2918.000000 2500.000000 
2919.000000 2500.000000 
2920.000000 2500.000000 
2921.000000 2500.000000 
2922.000000 2500.000000 
2923.000000 2500.000000 
2924.000000 2500.000000 
2925.000000 2500.000000 
2926.000000 2500.000000 
2927.000000 2500.000000 
2928.000000 2500.000000 
2929.000000 2500.000000 
2930.000000 2500.000000 
2931.000000 2500.000000 
2932.000000 2500.000000 
2933.000000 2500.000000 
2934.000000 2500.000000 
2935.000000 2500.000000 
2936.000000 2500.000000 
2937.000000 2500.000000 
2938.000000 2500.000000 
2939.000000 2500.000000 
2940.000000 2500.000000 
2941.000000 2500.000000 
2942.000000 2500.000000 
2943.000000 2500.000000 
2944.000000 2500.000000 
2945.000000 2500.000000 
2946.000000 2500.000000 
2947.000000 2500.000000 
2948.000000 2500.000000 
2949.000000 2500.000000 
2950.000000 2500.000000 
2951.000000 2500.000000 
2952.000000 2500.000000 
2953.000000 2500.000000 
2954.000000 2500.000000 
2955.000000 2500.000000 
2956.000000 2500.000000 
2957.000000 2500.000000 
2958.000000 2500.000000 
2959.000000 2500.000000 
2960.000000 2500.000000 
2961.000000 2500.000000 
2962.000000 2500.000000 
2963.000000 2500.000000 
2964.000000 2500.000000 
2965.000000 2500.000000 
2966.000000 2500.000000 
2967.000000 2500.000000 
2968.000000 2500.000000 
2969.000000 2500.000000 
2970.000000 2500.000000 
2971.000000 2500.000000 
2972.000000 2500.000000 
2973.000000 2500.000000 
2974.000000 2500.000000 
2975.000000 2500.000000 
2976.000000 2500.000000 
2977.000000 2500.000000 
2978.000000 2500.000000 
2979.000000 2500.000000 
2980.000000 2500.000000 
2981.000000 2500.000000 
2982.000000 2500.000000 
2983.000000 2500.000000 
2984.000000 2500.000000 
2985.000000 2500.000000 
2986.000000 2500.000000 
2987.000000 2500.000000 
2988.000000 2500.000000 
2989.000000 2500.000000 
2990.000000 2500.000000 
2991.000000 2500.000000 
2992.000000 2500.000000 
2993.000000 2500.000000 
2994.000000 2500.000000 
2995.000000 2500.000000 
2996.000000 2500.000000 
2997.000000 2500.000000 
2998.000000 2500.000000 
2999.000000 2500.000000 
