0 1 
1 1.11258725370916 
2 1.22645329858463 
3 1.34161012030976 
4 1.45806975268305 
5 1.57584427600284 
6 1.69494581539341 
7 1.81538653907133 
8 1.93717865655117 
9 2.06033441678932 
10 2.18486610626512 
11 2.31078604699791 
12 2.43810659449929 
13 2.56684013565929 
14 2.69699908656546 
15 2.82859589025396 
16 2.96164301439145 
17 3.09615294888682 
18 3.23213820343172 
19 3.36961130496897 
20 3.50858479508762 
21 3.64907122734395 
22 3.7910831645072 
23 3.93463317572918 
24 4.07973383363682 
25 4.2263977113466 
26 4.37463737940009 
27 4.52446540261968 
28 4.67589433688347 
29 4.8289367258187 
30 4.98360509741272 
31 5.13991196054072 
32 5.29786980140954 
33 5.45749107991674 
34 5.61878822592412 
35 5.78177363544528 
36 5.94645966674623 
37 6.11285863635872 
38 6.2809828150056 
39 6.4508444234376 
40 6.62245562818123 
41 6.79582853719722 
42 6.97097519544906 
43 7.14790758038149 
44 7.32663759730847 
45 7.50717707471036 
46 7.68953775944034 
47 7.87373131183971 
48 8.0597693007621 
49 8.24766319850663 
50 8.43742437565996 
51 8.62906409584751 
52 8.82259351039388 
53 9.01802365289291 
54 9.2153654336876 
55 9.41462963426037 
56 9.61582690153416 
57 9.81896774208499 
58 10.0240625162666 
59 10.2311214322478 
60 10.4401545399641 
61 10.6511717249832 
62 10.8641827022866 
63 11.0791970099686 
64 11.2962240028522 
65 11.5152728460257 
66 11.7363525082993 
67 11.9594717555847 
68 12.1846391441987 
69 12.4118630140926 
70 12.6411514820097 
71 12.8725124345726 
72 13.1059535213024 
73 13.3414821475725 
74 13.5791054674986 
75 13.8188303767687 
76 14.0606635054142 
77 14.3046112105259 
78 14.5506795689183 
79 14.7988743697434 
80 15.0492011070594 
81 15.3016649723558 
82 15.5562708470398 
83 15.8130232948865 
84 16.0719265544579 
85 16.3329845314929 
86 16.596200791274 
87 16.8615785509742 
88 17.1291206719884 
89 17.3988296522537 
90 17.6707076185636 
91 17.9447563188812 
92 18.2209771146548 
93 18.4993709731431 
94 18.779938459754 
95 19.062679730402 
96 19.3475945238912 
97 19.6346821543279 
98 19.9239415035704 
99 20.2153710137201 
100 20.5089686796611 
101 20.8047320416553 
102 21.1026581779969 
103 21.4027436977355 
104 21.7049847334733 
105 22.009376934242 
106 22.3159154584693 
107 22.6245949670385 
108 22.9354096164508 
109 23.2483530520971 
110 23.5634184016453 
111 23.8805982685524 
112 24.1998847257079 
113 24.5212693092158 
114 24.8447430123243 
115 25.1702962795096 
116 25.4979190007221 
117 25.8276005058034 
118 26.1593295590814 
119 26.4930943541522 
120 26.8288825088559 
121 27.1666810604556 
122 27.5064764610273 
123 27.8482545730674 
124 28.192000665329 
125 28.5376994088921 
126 28.8853348734772 
127 29.2348905240111 
128 29.5863492174511 
129 29.9396931998773 
130 30.2949041038598 
131 30.6519629461097 
132 31.0108501254209 
133 31.3715454209103 
134 31.7340279905652 
135 32.0982763701035 
136 32.4642684721562 
137 32.8319815857771 
138 33.201392376289 
139 33.5724768854712 
140 33.945210532097 
141 34.3195681128255 
142 34.6955238034564 
143 35.0730511605512 
144 35.4521231234294 
145 35.8327120165425 
146 36.2147895522339 
147 36.5983268338868 
148 36.9832943594674 
149 37.3696620254663 
150 37.7573991312423 
151 38.1464743837736 
152 38.5368559028178 
153 38.9285112264858 
154 39.321407317231 
155 39.7155105682561 
156 40.1107868103409 
157 40.5072013190904 
158 40.9047188226064 
159 41.3033035095813 
160 41.7029190378167 
161 42.1035285431641 
162 42.5050946488887 
163 42.9075794754551 
164 43.3109446507323 
165 43.7151513206164 
166 44.1201601600698 
167 44.5259313845713 
168 44.9324247619753 
169 45.3395996247763 
170 45.7474148827729 
171 46.1558290361269 
172 46.564800188812 
173 46.9742860624461 
174 47.3842440105004 
175 47.7946310328776 
176 48.2054037908535 
177 48.6165186223711 
178 49.0279315576813 
179 49.4395983353191 
180 49.8514744184066 
181 50.2635150112728 
182 50.6756750763788 
183 51.0879093515379 
184 51.5001723674192 
185 51.9124184653222 
186 52.3246018152103 
187 52.73667643399 
188 53.1485962040229 
189 53.5603148918562 
190 53.9717861671584 
191 54.3829636218443 
192 54.7938007893767 
193 55.2042511642265 
194 55.6142682214787 
195 56.0238054365663 
196 56.4328163051172 
197 56.8412543628966 
198 57.2490732058293 
199 57.6562265100843 
200 58.0626680522046 
201 58.4683517292652 
202 58.873231579042 
203 59.2772618001728 
204 59.6803967722949 
205 60.0825910761387 
206 60.4837995135622 
207 60.8839771275063 
208 61.2830792218545 
209 61.6810613811781 
210 62.0778794903499 
211 62.4734897540074 
212 62.8678487158498 
213 63.2609132777487 
214 63.6526407186571 
215 64.0429887132989 
216 64.4319153506213 
217 64.8193791519938 
218 65.2053390891371 
219 65.5897546017657 
220 65.9725856149281 
221 66.3537925560289 
222 66.7333363715178 
223 67.1111785432295 
224 67.4872811043624 
225 67.8616066550784 
226 68.2341183777132 
227 68.604780051583 
228 68.9735560673733 
229 69.3404114411002 
230 69.7053118276302 
231 70.0682235337487 
232 70.4291135307657 
233 70.7879494666492 
234 71.1446996776762 
235 71.4993331995933 
236 71.8518197782778 
237 72.2021298798911 
238 72.5502347005193 
239 72.8961061752924 
240 73.2397169869772 
241 73.5810405740391 
242 73.9200511381677 
243 74.2567236512625 
244 74.5910338618753 
245 74.9229583011072 
246 75.2524742879584 
247 75.579559934128 
248 75.9041941482656 
249 76.226356639673 
250 76.5460279214573 
251 76.8631893131364 
252 77.1778229426997 
253 77.4899117481252 
254 77.7994394783576 
255 78.10639069375 
256 78.410750765975 
257 78.7125058774081 
258 79.011643019991 
259 79.3081499935797 
260 79.6020154037843 
261 79.8932286593075 
262 80.1817799687897 
263 80.4676603371688 
264 80.7508615615627 
265 81.0313762266845 
266 81.3091976997991 
267 81.5843201252312 
268 81.856738418436 
269 82.1264482596407 
270 82.3934460870716 
271 82.657729089774 
272 82.9192952000399 
273 83.1781430854535 
274 83.4342721405675 
275 83.6876824782218 
276 83.9383749205189 
277 84.1863509894666 
278 84.4316128973033 
279 84.6741635365173 
280 84.9140064695742 
281 85.1511459183665 
282 85.385586753397 
283 85.6173344827121 
284 85.8463952405963 
285 86.0727757760435 
286 86.2964834410169 
287 86.5175261785135 
288 86.7359125104446 
289 86.9516515253469 
290 87.1647528659384 
291 87.375226716531 
292 87.5830837903148 
293 87.7883353165254 
294 87.99099302751 
295 88.191069145702 
296 88.38857637052 
297 88.5835278652013 
298 88.7759372435837 
299 88.9658185568482 
300 89.1531862802324 
301 89.3380552997292 
302 89.52044089878 
303 89.7003587449754 
304 89.8778248767729 
305 90.0528556902435 
306 90.2254679258574 
307 90.3956786553178 
308 90.5635052684553 
309 90.7289654601894 
310 90.8920772175689 
311 91.0528588068986 
312 91.2113287609616 
313 91.3675058663461 
314 91.5214091508832 
315 91.6730578712049 
316 91.8224715004294 
317 91.9696697159799 
318 92.1146723875448 
319 92.257499565185 
320 92.3981714675944 
321 92.5367084705203 
322 92.6731310953477 
323 92.8074599978541 
324 92.9397159571383 
325 93.0699198647285 
326 93.1980927138748 
327 93.3242555890272 
328 93.4484296555062 
329 93.5706361493662 
330 93.6908963674574 
331 93.8092316576864 
332 93.9256634094802 
333 94.040213044454 
334 94.1529020072861 
335 94.2637517567999 
336 94.3727837572569 
337 94.4800194698583 
338 94.5854803444599 
339 94.6891878114978 
340 94.7911632741271 
341 94.8914281005736 
342 94.9900036166974 
343 95.0869110987691 
344 95.1821717664587 
345 95.2758067760349 
346 95.3678372137749 
347 95.4582840895847 
348 95.5471683308261 
349 95.6345107763523 
350 95.7203321707473 
351 95.8046531587707 
352 95.8874942800027 
353 95.9688759636909 
354 96.0488185237937 
355 96.1273421542199 
356 96.2044669242621 
357 96.2802127742203 
358 96.3545995112151 
359 96.4276468051859 
360 96.4993741850723 
361 96.5698010351767 
362 96.6389465917033 
363 96.7068299394731 
364 96.7734700088088 
365 96.8388855725896 
366 96.9030952434713 
367 96.9661174712674 
368 97.0279705404914 
369 97.0886725680527 
370 97.1482415011071 
371 97.2066951150549 
372 97.2640510116861 
373 97.320326617468 
374 97.3755391819717 
375 97.4297057764347 
376 97.482843292457 
377 97.5349684408246 
378 97.5860977504607 
379 97.6362475674985 
380 97.6854340544732 
381 97.7336731896304 
382 97.7809807663465 
383 97.8273723926586 
384 97.8728634909006 
385 97.917469297442 
386 97.961204862526 
387 98.0040850502044 
388 98.0461245383655 
389 98.0873378188523 
390 98.1277391976674 
391 98.1673427952625 
392 98.2061625469086 
393 98.2442122031439 
394 98.2815053302977 
395 98.3180553110859 
396 98.353875345276 
397 98.3889784504194 
398 98.4233774626468 
399 98.4570850375255 
400 98.4901136509749 
401 98.5224756002386 
402 98.5541830049095 
403 98.5852478080062 
404 98.615681777098 
405 98.6454965054762 
406 98.6747034133689 
407 98.7033137491985 
408 98.731338590877 
409 98.7587888471406 
410 98.7856752589174 
411 98.8120084007296 
412 98.8377986821264 
413 98.8630563491457 
414 98.8877914858037 
415 98.9120140156088 
416 98.9357337031008 
417 98.9589601554095 
418 98.9817028238361 
419 99.0039710054508 
420 99.0257738447089 
421 99.0471203350808 
422 99.0680193206976 
423 99.0884794980068 
424 99.1085094174412 
425 99.1281174850959 
426 99.147311964414 
427 99.1661009778795 
428 99.1844925087156 
429 99.2024944025881 
430 99.2201143693118 
431 99.2373599845593 
432 99.2542386915714 
433 99.2707578028673 
434 99.2869245019547 
435 99.3027458450378 
436 99.3182287627227 
437 99.33338006172 
438 99.3482064265422 
439 99.3627144211974 
440 99.3769104908756 
441 99.3908009636301 
442 99.4043920520506 
443 99.4176898549288 
444 99.4307003589157 
445 99.4434294401697 
446 99.4558828659948 
447 99.4680662964693 
448 99.479985286063 
449 99.4916452852439 
450 99.5030516420729 
451 99.5142096037869 
452 99.5251243183685 
453 99.5358008361043 
454 99.5462441111288 
455 99.5564590029554 
456 99.5664502779936 
457 99.5762226110514 
458 99.5857805868246 
459 99.5951287013704 
460 99.6042713635664 
461 99.6132128965551 
462 99.6219575391722 
463 99.6305094473604 
464 99.6388726955673 
465 99.6470512781273 
466 99.655049110628 
467 99.6628700312607 
468 99.6705178021547 
469 99.6779961106956 
470 99.6853085708273 
471 99.6924587243377 
472 99.6994500421286 
473 99.7062859254688 
474 99.712969707231 
475 99.7195046531126 
476 99.7258939628398 
477 99.7321407713558 
478 99.7382481499925 
479 99.7442191076258 
480 99.7500565918151 
481 99.7557634899264 
482 99.761342630239 
483 99.766796783037 
484 99.7721286616838 
485 99.7773409236816 
486 99.7824361717146 
487 99.7874169546765 
488 99.7922857686826 
489 99.7970450580664 
490 99.8016972163607 
491 99.806244587263 
492 99.810689465587 
493 99.8150340981971 
494 99.8192806849301 
495 99.8234313795001 
496 99.8274882903906 
497 99.8314534817306 
498 99.8353289741569 
499 99.8391167456624 
500 99.8428187324298 
501 99.8464368296518 
502 99.8499728923369 
503 99.853428736102 
504 99.8568061379517 
505 99.8601068370433 
506 99.8633325354399 
507 99.8664848988491 
508 99.8695655573501 
509 99.8725761061067 
510 99.8755181060692 
511 99.8783930846627 
512 99.8812025364635 
513 99.8839479238639 
514 99.8866306777242 
515 99.8892521980138 
516 99.8918138544397 
517 99.8943169870647 
518 99.8967629069131 
519 99.8991528965662 
520 99.9014882107465 
521 99.9037700768909 
522 99.9059996957134 
523 99.9081782417571 
524 99.9103068639365 
525 99.9123866860685 
526 99.9144188073946 
527 99.9164043030922 
528 99.9183442247764 
529 99.9202396009931 
530 99.9220914377011 
531 99.9239007187464 
532 99.9256684063262 
533 99.9273954414451 
534 99.929082744361 
535 99.930731215024 
536 99.9323417335048 
537 99.9339151604169 
538 99.9354523373285 
539 99.9369540871673 
540 99.9384212146177 
541 99.9398545065088 
542 99.9412547321959 
543 99.9426226439341 
544 99.9439589772439 
545 99.9452644512701 
546 99.9465397691334 
547 99.9477856182746 
548 99.9490026707923 
549 99.9501915837731 
550 99.9513529996161 
551 99.9524875463498 
552 99.9535958379434 
553 99.9546784746107 
554 99.9557360431093 
555 99.9567691170319 
556 99.9577782570932 
557 99.9587640114098 
558 99.9597269157747 
559 99.9606674939266 
560 99.9615862578126 
561 99.9624837078463 
562 99.9633603331602 
563 99.964216611853 
564 99.9650530112315 
565 99.9658699880474 
566 99.9666679887299 
567 99.9674474496119 
568 99.9682087971535 
569 99.9689524481585 
570 99.9696788099885 
571 99.9703882807707 
572 99.9710812496026 
573 99.9717580967517 
574 99.9724191938507 
575 99.9730649040896 
576 99.9736955824026 
577 99.9743115756516 
578 99.9749132228055 
579 99.9755008551162 
580 99.9760747962899 
581 99.9766353626558 
582 99.9771828633299 
583 99.977717600377 
584 99.9782398689674 
585 99.9787499575314 
586 99.97924814791 
587 99.9797347155025 
588 99.9802099294107 
589 99.9806740525805 
590 99.9811273419396 
591 99.9815700485328 
592 99.9820024176542 
593 99.9824246889768 
594 99.9828370966786 
595 99.9832398695663 
596 99.9836332311969 
597 99.9840173999955 
598 99.9843925893713 
599 99.9847590078309 
600 99.9851168590892 
601 99.9854663421771 
602 99.9858076515484 
603 99.9861409771826 
604 99.9864665046865 
605 99.9867844153935 
606 99.9870948864602 
607 99.9873980909613 
608 99.9876941979823 
609 99.9879833727098 
610 99.9882657765208 
611 99.9885415670684 
612 99.9888108983673 
613 99.989073920876 
614 99.9893307815783 
615 99.9895816240623 
616 99.9898265885977 
617 99.9900658122114 
618 99.9902994287618 
619 99.990527569011 
620 99.9907503606954 
621 99.9909679285951 
622 99.9911803946013 
623 99.9913878777823 
624 99.9915904944483 
625 99.9917883582145 
626 99.9919815800627 
627 99.9921702684018 
628 99.9923545291266 
629 99.9925344656758 
630 99.9927101790878 
631 99.9928817680562 
632 99.9930493289837 
633 99.9932129560344 
634 99.9933727411854 
635 99.9935287742771 
636 99.9936811430624 
637 99.9938299332545 
638 99.9939752285742 
639 99.9941171107953 
640 99.9942556597899 
641 99.9943909535719 
642 99.9945230683398 
643 99.9946520785191 
644 99.9947780568025 
645 99.9949010741901 
646 99.9950212000286 
647 99.9951385020496 
648 99.9952530464064 
649 99.9953648977109 
650 99.995474119069 
651 99.9955807721157 
652 99.9956849170486 
653 99.9957866126616 
654 99.9958859163774 
655 99.9959828842787 
656 99.9960775711399 
657 99.9961700304568 
658 99.9962603144768 
659 99.9963484742272 
660 99.9964345595442 
661 99.9965186190997 
662 99.9966007004289 
663 99.9966808499566 
664 99.9967591130226 
665 99.9968355339073 
666 99.9969101558561 
667 99.9969830211033 
668 99.9970541708959 
669 99.9971236455163 
670 99.9971914843047 
671 99.9972577256812 
672 99.997322407167 
673 99.9973855654055 
674 99.9974472361822 
675 99.9975074544456 
676 99.9975662543257 
677 99.9976236691536 
678 99.9976797314798 
679 99.9977344730929 
680 99.9977879250367 
681 99.9978401176279 
682 99.9978910804729 
683 99.9979408424846 
684 99.9979894318982 
685 99.9980368762872 
686 99.998083202579 
687 99.9981284370695 
688 99.9981726054383 
689 99.9982157327629 
690 99.9982578435325 
691 99.9982989616624 
692 99.9983391105064 
693 99.9983783128709 
694 99.9984165910272 
695 99.9984539667238 
696 99.9984904611991 
697 99.998526095193 
698 99.9985608889587 
699 99.9985948622737 
700 99.9986280344517 
701 99.9986604243525 
702 99.9986920503934 
703 99.998722930559 
704 99.9987530824117 
705 99.9987825231013 
706 99.9988112693748 
707 99.9988393375859 
708 99.998866743704 
709 99.9988935033233 
710 99.9989196316714 
711 99.9989451436185 
712 99.9989700536849 
713 99.9989943760498 
714 99.9990181245592 
715 99.9990413127333 
716 99.9990639537749 
717 99.9990860605759 
718 99.9991076457255 
719 99.9991287215166 
720 99.999149299953 
721 99.9991693927564 
722 99.9991890113725 
723 99.9992081669781 
724 99.9992268704868 
725 99.9992451325556 
726 99.9992629635907 
727 99.9992803737535 
728 99.9992973729663 
729 99.9993139709178 
730 99.9993301770688 
731 99.9993460006574 
732 99.9993614507042 
733 99.9993765360176 
734 99.9993912651986 
735 99.9994056466455 
736 99.9994196885593 
737 99.9994333989475 
738 99.9994467856293 
739 99.9994598562398 
740 99.999472618234 
741 99.9994850788917 
742 99.999497245321 
743 99.9995091244627 
744 99.9995207230941 
745 99.9995320478328 
746 99.9995431051405 
747 99.9995539013269 
748 99.9995644425527 
749 99.9995747348337 
750 99.9995847840438 
751 99.9995945959186 
752 99.9996041760586 
753 99.999613529932 
754 99.9996226628786 
755 99.9996315801119 
756 99.9996402867229 
757 99.9996487876823 
758 99.9996570878439 
759 99.9996651919469 
760 99.9996731046188 
761 99.999680830378 
762 99.9996883736365 
763 99.9996957387022 
764 99.9997029297814 
765 99.9997099509813 
766 99.9997168063121 
767 99.9997234996896 
768 99.9997300349371 
769 99.999736415788 
770 99.9997426458873 
771 99.9997487287944 
772 99.9997546679845 
773 99.9997604668508 
774 99.9997661287067 
775 99.9997716567873 
776 99.9997770542513 
777 99.9997823241831 
778 99.9997874695941 
779 99.9997924934249 
780 99.9997973985465 
781 99.9998021877623 
782 99.9998068638095 
783 99.9998114293607 
784 99.9998158870256 
785 99.9998202393521 
786 99.9998244888281 
787 99.9998286378828 
788 99.999832688888 
789 99.9998366441595 
790 99.9998405059585 
791 99.9998442764931 
792 99.9998479579187 
793 99.9998515523403 
794 99.9998550618132 
795 99.9998584883438 
796 99.9998618338916 
797 99.9998651003695 
798 99.9998682896455 
799 99.9998714035435 
800 99.9998744438439 
801 99.9998774122858 
802 99.9998803105665 
803 99.9998831403438 
804 99.9998859032361 
805 99.9998886008237 
806 99.9998912346493 
807 99.9998938062196 
808 99.9998963170054 
809 99.9998987684429 
810 99.9999011619345 
811 99.9999034988492 
812 99.999905780524 
813 99.999908008264 
814 99.9999101833436 
815 99.9999123070074 
816 99.9999143804701 
817 99.9999164049182 
818 99.9999183815097 
819 99.9999203113756 
820 99.9999221956201 
821 99.9999240353214 
822 99.9999258315319 
823 99.9999275852795 
824 99.9999292975678 
825 99.9999309693765 
826 99.9999326016623 
827 99.9999341953591 
828 99.9999357513791 
829 99.9999372706127 
830 99.9999387539292 
831 99.9999402021776 
832 99.9999416161867 
833 99.9999429967656 
834 99.9999443447047 
835 99.9999456607753 
836 99.9999469457305 
837 99.999948200306 
838 99.9999494252198 
839 99.9999506211729 
840 99.9999517888498 
841 99.999952928919 
842 99.999954042033 
843 99.999955128829 
844 99.999956189929 
845 99.9999572259405 
846 99.9999582374564 
847 99.9999592250559 
848 99.9999601893043 
849 99.9999611307535 
850 99.9999620499426 
851 99.9999629473976 
852 99.9999638236325 
853 99.9999646791488 
854 99.9999655144363 
855 99.9999663299733 
856 99.9999671262266 
857 99.999967903652 
858 99.9999686626948 
859 99.9999694037895 
860 99.9999701273603 
861 99.9999708338216 
862 99.9999715235779 
863 99.999972197024 
864 99.9999728545457 
865 99.9999734965193 
866 99.9999741233125 
867 99.9999747352841 
868 99.9999753327846 
869 99.9999759161561 
870 99.9999764857327 
871 99.9999770418404 
872 99.9999775847978 
873 99.9999781149157 
874 99.9999786324978 
875 99.9999791378404 
876 99.9999796312328 
877 99.9999801129577 
878 99.9999805832909 
879 99.9999810425018 
880 99.9999814908533 
881 99.9999819286021 
882 99.9999823559991 
883 99.9999827732888 
884 99.9999831807104 
885 99.9999835784972 
886 99.999983966877 
887 99.9999843460721 
888 99.9999847162998 
889 99.9999850777721 
890 99.9999854306961 
891 99.9999857752738 
892 99.9999861117026 
893 99.9999864401753 
894 99.9999867608798 
895 99.999987074 
896 99.9999873797152 
897 99.9999876782004 
898 99.9999879696266 
899 99.9999882541608 
900 99.9999885319658 
901 99.9999888032009 
902 99.9999890680214 
903 99.999989326579 
904 99.9999895790218 
905 99.9999898254943 
906 99.9999900661378 
907 99.9999903010901 
908 99.9999905304858 
909 99.9999907544562 
910 99.9999909731297 
911 99.9999911866315 
912 99.999991395084 
913 99.9999915986065 
914 99.9999917973156 
915 99.9999919913252 
916 99.9999921807463 
917 99.9999923656876 
918 99.9999925462548 
919 99.9999927225516 
920 99.9999928946788 
921 99.999993062735 
922 99.9999932268166 
923 99.9999933870175 
924 99.9999935434296 
925 99.9999936961423 
926 99.9999938452432 
927 99.9999939908178 
928 99.9999941329493 
929 99.9999942717193 
930 99.9999944072072 
931 99.9999945394906 
932 99.9999946686454 
933 99.9999947947455 
934 99.9999949178631 
935 99.9999950380688 
936 99.9999951554315 
937 99.9999952700184 
938 99.9999953818951 
939 99.9999954911258 
940 99.999995597773 
941 99.9999957018978 
942 99.9999958035599 
943 99.9999959028174 
944 99.9999959997274 
945 99.9999960943453 
946 99.9999961867253 
947 99.9999962769203 
948 99.999996364982 
949 99.9999964509609 
950 99.9999965349062 
951 99.9999966168661 
952 99.9999966968874 
953 99.9999967750161 
954 99.9999968512968 
955 99.9999969257733 
956 99.9999969984884 
957 99.9999970694835 
958 99.9999971387994 
959 99.9999972064759 
960 99.9999972725516 
961 99.9999973370646 
962 99.9999974000516 
963 99.9999974615488 
964 99.9999975215915 
965 99.9999975802139 
966 99.9999976374499 
967 99.999997693332 
968 99.9999977478924 
969 99.9999978011623 
970 99.9999978531722 
971 99.999997903952 
972 99.9999979535307 
973 99.9999980019367 
974 99.9999980491978 
975 99.999998095341 
976 99.9999981403928 
977 99.999998184379 
978 99.9999982273248 
979 99.9999982692548 
980 99.9999983101931 
981 99.999998350163 
982 99.9999983891875 
983 99.999998427289 
984 99.9999984644893 
985 99.9999985008097 
986 99.999998536271 
987 99.9999985708935 
988 99.9999986046971 
989 99.9999986377011 
990 99.9999986699245 
991 99.9999987013857 
992 99.9999987321027 
993 99.9999987620932 
994 99.9999987913743 
995 99.9999988199629 
996 99.9999988478752 
997 99.9999988751273 
998 99.9999989017348 
999 99.9999989277129 
1000 99.9999989530766 
1001 99.9999989778403 
1002 99.9999990020183 
1003 99.9999990256244 
1004 99.9999990486722 
1005 99.9999990711747 
1006 99.999999093145 
1007 99.9999991145957 
1008 99.999999135539 
1009 99.9999991559869 
1010 99.9999991759511 
1011 99.9999991954431 
1012 99.999999214474 
1013 99.9999992330548 
1014 99.9999992511961 
1015 99.9999992689083 
1016 99.9999992862015 
1017 99.9999993030857 
1018 99.9999993195705 
1019 99.9999993356654 
1020 99.9999993513795 
1021 99.999999366722 
1022 99.9999993817016 
1023 99.9999993963269 
1024 99.9999994106062 
1025 99.9999994245477 
1026 99.9999994381595 
1027 99.9999994514493 
1028 99.9999994644248 
1029 99.9999994770933 
1030 99.9999994894622 
1031 99.9999995015385 
1032 99.9999995133292 
1033 99.999999524841 
1034 99.9999995360804 
1035 99.999999547054 
1036 99.9999995577681 
1037 99.9999995682287 
1038 99.9999995784419 
1039 99.9999995884135 
1040 99.9999995981492 
1041 99.9999996076547 
1042 99.9999996169353 
1043 99.9999996259964 
1044 99.9999996348431 
1045 99.9999996434806 
1046 99.9999996519138 
1047 99.9999996601475 
1048 99.9999996681864 
1049 99.9999996760352 
1050 99.9999996836984 
1051 99.9999996911802 
1052 99.9999996984852 
1053 99.9999997056173 
1054 99.9999997125807 
1055 99.9999997193794 
1056 99.9999997260173 
1057 99.9999997324981 
1058 99.9999997388257 
1059 99.9999997450036 
1060 99.9999997510353 
1061 99.9999997569244 
1062 99.9999997626742 
1063 99.999999768288 
1064 99.9999997737689 
1065 99.9999997791203 
1066 99.9999997843451 
1067 99.9999997894462 
1068 99.9999997944268 
1069 99.9999997992895 
1070 99.9999998040371 
1071 99.9999998086725 
1072 99.9999998131982 
1073 99.9999998176169 
1074 99.9999998219311 
1075 99.9999998261432 
1076 99.9999998302556 
1077 99.9999998342708 
1078 99.9999998381911 
1079 99.9999998420186 
1080 99.9999998457555 
1081 99.9999998494041 
1082 99.9999998529663 
1083 99.9999998564443 
1084 99.99999985984 
1085 99.9999998631554 
1086 99.9999998663924 
1087 99.9999998695528 
1088 99.9999998726385 
1089 99.9999998756511 
1090 99.9999998785925 
1091 99.9999998814643 
1092 99.9999998842682 
1093 99.9999998870058 
1094 99.9999998896786 
1095 99.9999998922882 
1096 99.9999998948361 
1097 99.9999998973237 
1098 99.9999998997524 
1099 99.9999999021237 
1100 99.999999904439 
1101 99.9999999066994 
1102 99.9999999089064 
1103 99.9999999110611 
1104 99.9999999131649 
1105 99.999999915219 
1106 99.9999999172244 
1107 99.9999999191824 
1108 99.9999999210941 
1109 99.9999999229606 
1110 99.9999999247829 
1111 99.9999999265621 
1112 99.9999999282992 
1113 99.9999999299953 
1114 99.9999999316512 
1115 99.9999999332679 
1116 99.9999999348465 
1117 99.9999999363876 
1118 99.9999999378923 
1119 99.9999999393615 
1120 99.9999999407958 
1121 99.9999999421963 
1122 99.9999999435636 
1123 99.9999999448986 
1124 99.999999946202 
1125 99.9999999474745 
1126 99.999999948717 
1127 99.9999999499301 
1128 99.9999999511144 
1129 99.9999999522708 
1130 99.9999999533998 
1131 99.9999999545021 
1132 99.9999999555783 
1133 99.9999999566291 
1134 99.999999957655 
1135 99.9999999586566 
1136 99.9999999596346 
1137 99.9999999605894 
1138 99.9999999615217 
1139 99.9999999624319 
1140 99.9999999633205 
1141 99.9999999641881 
1142 99.9999999650352 
1143 99.9999999658623 
1144 99.9999999666698 
1145 99.9999999674582 
1146 99.999999968228 
1147 99.9999999689795 
1148 99.9999999697133 
1149 99.9999999704297 
1150 99.9999999711292 
1151 99.9999999718121 
1152 99.9999999724789 
1153 99.9999999731299 
1154 99.9999999737655 
1155 99.9999999743861 
1156 99.999999974992 
1157 99.9999999755835 
1158 99.9999999761611 
1159 99.999999976725 
1160 99.9999999772755 
1161 99.999999977813 
1162 99.9999999783379 
1163 99.9999999788503 
1164 99.9999999793506 
1165 99.999999979839 
1166 99.9999999803159 
1167 99.9999999807816 
1168 99.9999999812362 
1169 99.99999998168 
1170 99.9999999821134 
1171 99.9999999825364 
1172 99.9999999829495 
1173 99.9999999833529 
1174 99.9999999837466 
1175 99.9999999841311 
1176 99.9999999845065 
1177 99.999999984873 
1178 99.9999999852308 
1179 99.9999999855802 
1180 99.9999999859212 
1181 99.9999999862543 
1182 99.9999999865794 
1183 99.9999999868969 
1184 99.9999999872068 
1185 99.9999999875095 
1186 99.9999999878049 
1187 99.9999999880934 
1188 99.999999988375 
1189 99.99999998865 
1190 99.9999999889185 
1191 99.9999999891806 
1192 99.9999999894366 
1193 99.9999999896864 
1194 99.9999999899304 
1195 99.9999999901686 
1196 99.9999999904011 
1197 99.9999999906282 
1198 99.9999999908499 
1199 99.9999999910663 
1200 99.9999999912776 
1201 99.999999991484 
1202 99.9999999916854 
1203 99.9999999918821 
1204 99.9999999920741 
1205 99.9999999922616 
1206 99.9999999924446 
1207 99.9999999926234 
1208 99.9999999927978 
1209 99.9999999929682 
1210 99.9999999931345 
1211 99.9999999932969 
1212 99.9999999934555 
1213 99.9999999936103 
1214 99.9999999937614 
1215 99.999999993909 
1216 99.9999999940531 
1217 99.9999999941938 
1218 99.9999999943311 
1219 99.9999999944652 
1220 99.9999999945961 
1221 99.9999999947239 
1222 99.9999999948487 
1223 99.9999999949706 
1224 99.9999999950895 
1225 99.9999999952057 
1226 99.9999999953191 
1227 99.9999999954298 
1228 99.9999999955379 
1229 99.9999999956435 
1230 99.9999999957465 
1231 99.9999999958471 
1232 99.9999999959453 
1233 99.9999999960412 
1234 99.9999999961349 
1235 99.9999999962263 
1236 99.9999999963156 
1237 99.9999999964028 
1238 99.9999999964878 
1239 99.9999999965709 
1240 99.9999999966521 
1241 99.9999999967312 
1242 99.9999999968086 
1243 99.999999996884 
1244 99.9999999969577 
1245 99.9999999970297 
1246 99.9999999970999 
1247 99.9999999971685 
1248 99.9999999972355 
1249 99.9999999973009 
1250 99.9999999973648 
1251 99.9999999974271 
1252 99.9999999974879 
1253 99.9999999975474 
1254 99.9999999976054 
1255 99.999999997662 
1256 99.9999999977173 
1257 99.9999999977713 
1258 99.999999997824 
1259 99.9999999978755 
1260 99.9999999979257 
1261 99.9999999979748 
1262 99.9999999980227 
1263 99.9999999980694 
1264 99.9999999981151 
1265 99.9999999981597 
1266 99.9999999982032 
1267 99.9999999982457 
1268 99.9999999982872 
1269 99.9999999983277 
1270 99.9999999983673 
1271 99.9999999984059 
1272 99.9999999984436 
1273 99.9999999984804 
1274 99.9999999985163 
1275 99.9999999985514 
1276 99.9999999985857 
1277 99.9999999986191 
1278 99.9999999986518 
1279 99.9999999986837 
1280 99.9999999987149 
1281 99.9999999987453 
1282 99.9999999987749 
1283 99.9999999988039 
1284 99.9999999988322 
1285 99.9999999988598 
1286 99.9999999988868 
1287 99.9999999989131 
1288 99.9999999989388 
1289 99.9999999989639 
1290 99.9999999989884 
1291 99.9999999990123 
1292 99.9999999990357 
1293 99.9999999990585 
1294 99.9999999990808 
1295 99.9999999991025 
1296 99.9999999991237 
1297 99.9999999991444 
1298 99.9999999991647 
1299 99.9999999991844 
1300 99.9999999992037 
1301 99.9999999992226 
1302 99.999999999241 
1303 99.9999999992589 
1304 99.9999999992764 
1305 99.9999999992936 
1306 99.9999999993102 
1307 99.9999999993265 
1308 99.9999999993425 
1309 99.9999999993581 
1310 99.9999999993732 
1311 99.9999999993881 
1312 99.9999999994025 
1313 99.9999999994167 
1314 99.9999999994305 
1315 99.9999999994439 
1316 99.9999999994571 
1317 99.9999999994699 
1318 99.9999999994825 
1319 99.9999999994947 
1320 99.9999999995067 
1321 99.9999999995184 
1322 99.9999999995297 
1323 99.9999999995408 
1324 99.9999999995517 
1325 99.9999999995623 
1326 99.9999999995727 
1327 99.9999999995828 
1328 99.9999999995927 
1329 99.9999999996023 
1330 99.9999999996117 
1331 99.9999999996209 
1332 99.9999999996298 
1333 99.9999999996386 
1334 99.9999999996471 
1335 99.9999999996555 
1336 99.9999999996636 
1337 99.9999999996716 
1338 99.9999999996794 
1339 99.9999999996869 
1340 99.9999999996943 
1341 99.9999999997016 
1342 99.9999999997086 
1343 99.9999999997155 
1344 99.9999999997222 
1345 99.9999999997288 
1346 99.9999999997352 
1347 99.9999999997415 
1348 99.9999999997476 
1349 99.9999999997536 
1350 99.9999999997594 
1351 99.9999999997651 
1352 99.9999999997706 
1353 99.9999999997761 
1354 99.9999999997813 
1355 99.9999999997865 
1356 99.9999999997916 
1357 99.9999999997965 
1358 99.9999999998013 
1359 99.999999999806 
1360 99.9999999998106 
1361 99.9999999998151 
1362 99.9999999998194 
1363 99.9999999998237 
1364 99.9999999998279 
1365 99.9999999998319 
1366 99.9999999998359 
1367 99.9999999998398 
1368 99.9999999998436 
1369 99.9999999998473 
1370 99.9999999998509 
1371 99.9999999998544 
1372 99.9999999998578 
1373 99.9999999998612 
1374 99.9999999998645 
1375 99.9999999998677 
1376 99.9999999998708 
1377 99.9999999998739 
1378 99.9999999998768 
1379 99.9999999998797 
1380 99.9999999998826 
1381 99.9999999998853 
1382 99.999999999888 
1383 99.9999999998907 
1384 99.9999999998933 
1385 99.9999999998958 
1386 99.9999999998982 
1387 99.9999999999007 
1388 99.999999999903 
1389 99.9999999999053 
1390 99.9999999999075 
1391 99.9999999999097 
1392 99.9999999999119 
1393 99.9999999999139 
1394 99.999999999916 
1395 99.999999999918 
1396 99.9999999999199 
1397 99.9999999999218 
1398 99.9999999999236 
1399 99.9999999999255 
1400 99.9999999999272 
1401 99.9999999999289 
1402 99.9999999999306 
1403 99.9999999999322 
1404 99.9999999999338 
1405 99.9999999999354 
1406 99.9999999999369 
1407 99.9999999999384 
1408 99.9999999999399 
1409 99.9999999999413 
1410 99.9999999999427 
1411 99.999999999944 
1412 99.9999999999453 
1413 99.9999999999466 
1414 99.9999999999479 
1415 99.9999999999491 
1416 99.9999999999503 
1417 99.9999999999515 
1418 99.9999999999526 
1419 99.9999999999537 
1420 99.9999999999548 
1421 99.9999999999559 
1422 99.9999999999569 
1423 99.9999999999579 
1424 99.9999999999589 
1425 99.9999999999599 
1426 99.9999999999608 
1427 99.9999999999618 
1428 99.9999999999626 
1429 99.9999999999635 
1430 99.9999999999644 
1431 99.9999999999652 
1432 99.9999999999661 
1433 99.9999999999668 
1434 99.9999999999676 
1435 99.9999999999684 
1436 99.9999999999691 
1437 99.9999999999698 
1438 99.9999999999705 
1439 99.9999999999712 
1440 99.9999999999719 
1441 99.9999999999726 
1442 99.9999999999732 
1443 99.9999999999739 
1444 99.9999999999745 
1445 99.9999999999751 
1446 99.9999999999756 
1447 99.9999999999762 
1448 99.9999999999768 
1449 99.9999999999773 
1450 99.9999999999778 
1451 99.9999999999783 
1452 99.9999999999788 
1453 99.9999999999793 
1454 99.9999999999798 
1455 99.9999999999803 
1456 99.9999999999808 
1457 99.9999999999812 
1458 99.9999999999817 
1459 99.9999999999821 
1460 99.9999999999825 
1461 99.9999999999829 
1462 99.9999999999833 
1463 99.9999999999837 
1464 99.9999999999841 
1465 99.9999999999845 
1466 99.9999999999848 
1467 99.9999999999852 
1468 99.9999999999855 
1469 99.9999999999859 
1470 99.9999999999862 
1471 99.9999999999865 
1472 99.9999999999868 
1473 99.9999999999871 
1474 99.9999999999874 
1475 99.9999999999877 
1476 99.999999999988 
1477 99.9999999999883 
1478 99.9999999999886 
1479 99.9999999999888 
1480 99.9999999999891 
1481 99.9999999999894 
1482 99.9999999999896 
1483 99.9999999999899 
1484 99.9999999999901 
1485 99.9999999999903 
1486 99.9999999999905 
1487 99.9999999999907 
1488 99.999999999991 
1489 99.9999999999912 
1490 99.9999999999914 
1491 99.9999999999916 
1492 99.9999999999918 
1493 99.999999999992 
1494 99.9999999999921 
1495 99.9999999999923 
1496 99.9999999999925 
1497 99.9999999999927 
1498 99.9999999999928 
1499 99.999999999993 
1500 99.9999999999932 
1501 99.9999999999933 
1502 99.9999999999935 
1503 99.9999999999936 
1504 99.9999999999937 
1505 99.9999999999939 
1506 99.999999999994 
1507 99.9999999999942 
1508 99.9999999999943 
1509 99.9999999999944 
1510 99.9999999999946 
1511 99.9999999999947 
1512 99.9999999999948 
1513 99.9999999999949 
1514 99.9999999999951 
1515 99.9999999999952 
1516 99.9999999999953 
1517 99.9999999999954 
1518 99.9999999999955 
1519 99.9999999999956 
1520 99.9999999999957 
1521 99.9999999999958 
1522 99.9999999999959 
1523 99.999999999996 
1524 99.999999999996 
1525 99.9999999999961 
1526 99.9999999999962 
1527 99.9999999999963 
1528 99.9999999999964 
1529 99.9999999999965 
1530 99.9999999999966 
1531 99.9999999999966 
1532 99.9999999999967 
1533 99.9999999999968 
1534 99.9999999999969 
1535 99.9999999999969 
1536 99.999999999997 
1537 99.9999999999971 
1538 99.9999999999971 
1539 99.9999999999972 
1540 99.9999999999973 
1541 99.9999999999973 
1542 99.9999999999974 
1543 99.9999999999974 
1544 99.9999999999975 
1545 99.9999999999976 
1546 99.9999999999976 
1547 99.9999999999977 
1548 99.9999999999977 
1549 99.9999999999978 
1550 99.9999999999978 
1551 99.9999999999979 
1552 99.9999999999979 
1553 99.999999999998 
1554 99.999999999998 
1555 99.9999999999981 
1556 99.9999999999981 
1557 99.9999999999982 
1558 99.9999999999982 
1559 99.9999999999983 
1560 99.9999999999983 
1561 99.9999999999983 
1562 99.9999999999984 
1563 99.9999999999984 
1564 99.9999999999984 
1565 99.9999999999985 
1566 99.9999999999985 
1567 99.9999999999985 
1568 99.9999999999985 
1569 99.9999999999986 
1570 99.9999999999986 
1571 99.9999999999986 
1572 99.9999999999987 
1573 99.9999999999987 
1574 99.9999999999987 
1575 99.9999999999987 
1576 99.9999999999987 
1577 99.9999999999988 
1578 99.9999999999988 
1579 99.9999999999988 
1580 99.9999999999988 
1581 99.9999999999989 
1582 99.9999999999989 
1583 99.9999999999989 
1584 99.9999999999989 
1585 99.999999999999 
1586 99.999999999999 
1587 99.999999999999 
1588 99.999999999999 
1589 99.999999999999 
1590 99.9999999999991 
1591 99.9999999999991 
1592 99.9999999999991 
1593 99.9999999999991 
1594 99.9999999999991 
1595 99.9999999999992 
1596 99.9999999999992 
1597 99.9999999999992 
1598 99.9999999999992 
1599 99.9999999999992 
1600 99.9999999999992 
1601 99.9999999999992 
1602 99.9999999999993 
1603 99.9999999999993 
1604 99.9999999999993 
1605 99.9999999999993 
1606 99.9999999999993 
1607 99.9999999999993 
1608 99.9999999999994 
1609 99.9999999999994 
1610 99.9999999999994 
1611 99.9999999999994 
1612 99.9999999999994 
1613 99.9999999999994 
1614 99.9999999999994 
1615 99.9999999999994 
1616 99.9999999999994 
1617 99.9999999999994 
1618 99.9999999999994 
1619 99.9999999999994 
1620 99.9999999999994 
1621 99.9999999999994 
1622 99.9999999999994 
1623 99.9999999999994 
1624 99.9999999999995 
1625 99.9999999999995 
1626 99.9999999999995 
1627 99.9999999999995 
1628 99.9999999999995 
1629 99.9999999999995 
1630 99.9999999999995 
1631 99.9999999999995 
1632 99.9999999999995 
1633 99.9999999999995 
1634 99.9999999999995 
1635 99.9999999999995 
1636 99.9999999999996 
1637 99.9999999999995 
1638 99.9999999999996 
1639 99.9999999999996 
1640 99.9999999999995 
1641 99.9999999999996 
1642 99.9999999999996 
1643 99.9999999999996 
1644 99.9999999999996 
1645 99.9999999999996 
1646 99.9999999999996 
1647 99.9999999999996 
1648 99.9999999999996 
1649 99.9999999999996 
1650 99.9999999999996 
1651 99.9999999999996 
1652 99.9999999999996 
1653 99.9999999999996 
1654 99.9999999999996 
1655 99.9999999999996 
1656 99.9999999999996 
1657 99.9999999999996 
1658 99.9999999999996 
1659 99.9999999999996 
1660 99.9999999999996 
1661 99.9999999999996 
1662 99.9999999999996 
1663 99.9999999999996 
1664 99.9999999999996 
1665 99.9999999999996 
1666 99.9999999999996 
1667 99.9999999999996 
1668 99.9999999999996 
1669 99.9999999999996 
1670 99.9999999999996 
1671 99.9999999999997 
1672 99.9999999999997 
1673 99.9999999999997 
1674 99.9999999999997 
1675 99.9999999999997 
1676 99.9999999999997 
1677 99.9999999999997 
1678 99.9999999999997 
1679 99.9999999999997 
1680 99.9999999999997 
1681 99.9999999999997 
1682 99.9999999999997 
1683 99.9999999999997 
1684 99.9999999999997 
1685 99.9999999999997 
1686 99.9999999999997 
1687 99.9999999999997 
1688 99.9999999999997 
1689 99.9999999999997 
1690 99.9999999999997 
1691 99.9999999999997 
1692 99.9999999999997 
1693 99.9999999999997 
1694 99.9999999999997 
1695 99.9999999999997 
1696 99.9999999999997 
1697 99.9999999999997 
1698 99.9999999999997 
1699 99.9999999999997 
1700 99.9999999999997 
1701 99.9999999999997 
1702 99.9999999999997 
1703 99.9999999999997 
1704 99.9999999999997 
1705 99.9999999999997 
1706 99.9999999999997 
1707 99.9999999999997 
1708 99.9999999999997 
1709 99.9999999999997 
1710 99.9999999999997 
1711 99.9999999999997 
1712 99.9999999999997 
1713 99.9999999999997 
1714 99.9999999999997 
1715 99.9999999999997 
1716 99.9999999999997 
1717 99.9999999999997 
1718 99.9999999999997 
1719 99.9999999999997 
1720 99.9999999999997 
1721 99.9999999999997 
1722 99.9999999999997 
1723 99.9999999999997 
1724 99.9999999999997 
1725 99.9999999999997 
1726 99.9999999999997 
1727 99.9999999999997 
1728 99.9999999999997 
1729 99.9999999999997 
1730 99.9999999999997 
1731 99.9999999999997 
1732 99.9999999999997 
1733 99.9999999999997 
1734 99.9999999999997 
1735 99.9999999999997 
1736 99.9999999999997 
1737 99.9999999999997 
1738 99.9999999999997 
1739 99.9999999999997 
1740 99.9999999999998 
1741 99.9999999999998 
1742 99.9999999999998 
1743 99.9999999999998 
1744 99.9999999999997 
1745 99.9999999999997 
1746 99.9999999999997 
1747 99.9999999999997 
1748 99.9999999999997 
1749 99.9999999999997 
1750 99.9999999999997 
1751 99.9999999999997 
1752 99.9999999999997 
1753 99.9999999999997 
1754 99.9999999999997 
1755 99.9999999999997 
1756 99.9999999999998 
1757 99.9999999999998 
1758 99.9999999999998 
1759 99.9999999999998 
1760 99.9999999999998 
1761 99.9999999999998 
1762 99.9999999999998 
1763 99.9999999999998 
1764 99.9999999999998 
1765 99.9999999999998 
1766 99.9999999999998 
1767 99.9999999999998 
1768 99.9999999999998 
1769 99.9999999999998 
1770 99.9999999999998 
1771 99.9999999999998 
1772 99.9999999999998 
1773 99.9999999999998 
1774 99.9999999999998 
1775 99.9999999999998 
1776 99.9999999999998 
1777 99.9999999999998 
1778 99.9999999999998 
1779 99.9999999999998 
1780 99.9999999999998 
1781 99.9999999999998 
1782 99.9999999999998 
1783 99.9999999999998 
1784 99.9999999999998 
1785 99.9999999999998 
1786 99.9999999999998 
1787 99.9999999999998 
1788 99.9999999999998 
1789 99.9999999999998 
1790 99.9999999999998 
1791 99.9999999999998 
1792 99.9999999999998 
1793 99.9999999999998 
1794 99.9999999999998 
1795 99.9999999999998 
1796 99.9999999999998 
1797 99.9999999999998 
1798 99.9999999999998 
1799 99.9999999999998 
1800 99.9999999999998 
1801 99.9999999999998 
1802 99.9999999999998 
1803 99.9999999999998 
1804 99.9999999999998 
1805 99.9999999999998 
1806 99.9999999999998 
1807 99.9999999999998 
1808 99.9999999999998 
1809 99.9999999999998 
1810 99.9999999999998 
1811 99.9999999999998 
1812 99.9999999999998 
1813 99.9999999999998 
1814 99.9999999999998 
1815 99.9999999999998 
1816 99.9999999999998 
1817 99.9999999999998 
1818 99.9999999999998 
1819 99.9999999999998 
1820 99.9999999999998 
1821 99.9999999999998 
1822 99.9999999999998 
1823 99.9999999999998 
1824 99.9999999999998 
1825 99.9999999999998 
1826 99.9999999999998 
1827 99.9999999999998 
1828 99.9999999999998 
1829 99.9999999999998 
1830 99.9999999999998 
1831 99.9999999999998 
1832 99.9999999999997 
1833 99.9999999999997 
1834 99.9999999999997 
1835 99.9999999999997 
1836 99.9999999999997 
1837 99.9999999999997 
1838 99.9999999999997 
1839 99.9999999999997 
1840 99.9999999999997 
1841 99.9999999999998 
1842 99.9999999999998 
1843 99.9999999999998 
1844 99.9999999999998 
1845 99.9999999999997 
1846 99.9999999999998 
1847 99.9999999999998 
1848 99.9999999999998 
1849 99.9999999999998 
1850 99.9999999999998 
1851 99.9999999999998 
1852 99.9999999999998 
1853 99.9999999999998 
1854 99.9999999999998 
1855 99.9999999999998 
1856 99.9999999999998 
1857 99.9999999999998 
1858 99.9999999999998 
1859 99.9999999999998 
1860 99.9999999999998 
1861 99.9999999999998 
1862 99.9999999999998 
1863 99.9999999999998 
1864 99.9999999999998 
1865 99.9999999999998 
1866 99.9999999999998 
1867 99.9999999999998 
1868 99.9999999999998 
1869 99.9999999999998 
1870 99.9999999999998 
1871 99.9999999999998 
1872 99.9999999999998 
1873 99.9999999999998 
1874 99.9999999999998 
1875 99.9999999999998 
1876 99.9999999999998 
1877 99.9999999999998 
1878 99.9999999999998 
1879 99.9999999999998 
1880 99.9999999999998 
1881 99.9999999999998 
1882 99.9999999999998 
1883 99.9999999999998 
1884 99.9999999999998 
1885 99.9999999999998 
1886 99.9999999999998 
1887 99.9999999999998 
1888 99.9999999999998 
1889 99.9999999999998 
1890 99.9999999999998 
1891 99.9999999999998 
1892 99.9999999999998 
1893 99.9999999999998 
1894 99.9999999999998 
1895 99.9999999999998 
1896 99.9999999999998 
1897 99.9999999999998 
1898 99.9999999999998 
1899 99.9999999999998 
1900 99.9999999999998 
1901 99.9999999999998 
1902 99.9999999999998 
1903 99.9999999999998 
1904 99.9999999999998 
1905 99.9999999999998 
1906 99.9999999999998 
1907 99.9999999999998 
1908 99.9999999999998 
1909 99.9999999999998 
1910 99.9999999999998 
1911 99.9999999999998 
1912 99.9999999999998 
1913 99.9999999999998 
1914 99.9999999999998 
1915 99.9999999999998 
1916 99.9999999999998 
1917 99.9999999999998 
1918 99.9999999999998 
1919 99.9999999999998 
1920 99.9999999999998 
1921 99.9999999999998 
1922 99.9999999999998 
1923 99.9999999999998 
1924 99.9999999999998 
1925 99.9999999999998 
1926 99.9999999999998 
1927 99.9999999999998 
1928 99.9999999999998 
1929 99.9999999999998 
1930 99.9999999999998 
1931 99.9999999999998 
1932 99.9999999999998 
1933 99.9999999999998 
1934 99.9999999999998 
1935 99.9999999999998 
1936 99.9999999999998 
1937 99.9999999999998 
1938 99.9999999999998 
1939 99.9999999999998 
1940 99.9999999999998 
1941 99.9999999999998 
1942 99.9999999999998 
1943 99.9999999999998 
1944 99.9999999999999 
1945 99.9999999999999 
1946 99.9999999999998 
1947 99.9999999999999 
1948 99.9999999999998 
1949 99.9999999999999 
1950 99.9999999999999 
1951 99.9999999999999 
1952 99.9999999999998 
1953 99.9999999999998 
1954 99.9999999999998 
1955 99.9999999999998 
1956 99.9999999999998 
1957 99.9999999999998 
1958 99.9999999999998 
1959 99.9999999999998 
1960 99.9999999999998 
1961 99.9999999999998 
1962 99.9999999999998 
1963 99.9999999999998 
1964 99.9999999999998 
1965 99.9999999999998 
1966 99.9999999999998 
1967 99.9999999999998 
1968 99.9999999999998 
1969 99.9999999999998 
1970 99.9999999999999 
1971 99.9999999999998 
1972 99.9999999999998 
1973 99.9999999999998 
1974 99.9999999999998 
1975 99.9999999999998 
1976 99.9999999999998 
1977 99.9999999999998 
1978 99.9999999999998 
1979 99.9999999999998 
1980 99.9999999999998 
1981 99.9999999999998 
1982 99.9999999999998 
1983 99.9999999999998 
1984 99.9999999999998 
1985 99.9999999999998 
1986 99.9999999999998 
1987 99.9999999999998 
1988 99.9999999999998 
1989 99.9999999999998 
1990 99.9999999999998 
1991 99.9999999999998 
1992 99.9999999999998 
1993 99.9999999999998 
1994 99.9999999999998 
1995 99.9999999999998 
1996 99.9999999999998 
1997 99.9999999999998 
1998 99.9999999999998 
1999 99.9999999999998 
2000 99.9999999999998 
2001 99.9999999999998 
2002 99.9999999999998 
2003 99.9999999999998 
2004 99.9999999999998 
2005 99.9999999999998 
2006 99.9999999999998 
2007 99.9999999999998 
2008 99.9999999999998 
2009 99.9999999999998 
2010 99.9999999999998 
2011 99.9999999999998 
2012 99.9999999999998 
2013 99.9999999999998 
2014 99.9999999999998 
2015 99.9999999999998 
2016 99.9999999999998 
2017 99.9999999999998 
2018 99.9999999999998 
2019 99.9999999999998 
2020 99.9999999999998 
2021 99.9999999999998 
2022 99.9999999999998 
2023 99.9999999999999 
2024 99.9999999999998 
2025 99.9999999999998 
2026 99.9999999999998 
2027 99.9999999999998 
2028 99.9999999999998 
2029 99.9999999999998 
2030 99.9999999999998 
2031 99.9999999999998 
2032 99.9999999999998 
2033 99.9999999999998 
2034 99.9999999999998 
2035 99.9999999999998 
2036 99.9999999999998 
2037 99.9999999999998 
2038 99.9999999999998 
2039 99.9999999999998 
2040 99.9999999999998 
2041 99.9999999999998 
2042 99.9999999999998 
2043 99.9999999999998 
2044 99.9999999999998 
2045 99.9999999999998 
2046 99.9999999999998 
2047 99.9999999999998 
2048 99.9999999999998 
2049 99.9999999999998 
2050 99.9999999999999 
2051 99.9999999999998 
2052 99.9999999999998 
2053 99.9999999999998 
2054 99.9999999999998 
2055 99.9999999999998 
2056 99.9999999999998 
2057 99.9999999999998 
2058 99.9999999999998 
2059 99.9999999999998 
2060 99.9999999999998 
2061 99.9999999999998 
2062 99.9999999999998 
2063 99.9999999999998 
2064 99.9999999999998 
2065 99.9999999999998 
2066 99.9999999999998 
2067 99.9999999999998 
2068 99.9999999999998 
2069 99.9999999999998 
2070 99.9999999999998 
2071 99.9999999999998 
2072 99.9999999999998 
2073 99.9999999999998 
2074 99.9999999999998 
2075 99.9999999999998 
2076 99.9999999999998 
2077 99.9999999999998 
2078 99.9999999999998 
2079 99.9999999999998 
2080 99.9999999999998 
2081 99.9999999999998 
2082 99.9999999999998 
2083 99.9999999999998 
2084 99.9999999999998 
2085 99.9999999999998 
2086 99.9999999999998 
2087 99.9999999999999 
2088 99.9999999999999 
2089 99.9999999999998 
2090 99.9999999999998 
2091 99.9999999999998 
2092 99.9999999999998 
2093 99.9999999999998 
2094 99.9999999999999 
2095 99.9999999999998 
2096 99.9999999999998 
2097 99.9999999999998 
2098 99.9999999999998 
2099 99.9999999999998 
2100 99.9999999999998 
2101 99.9999999999998 
2102 99.9999999999999 
2103 99.9999999999999 
2104 99.9999999999999 
2105 99.9999999999999 
2106 99.9999999999999 
2107 99.9999999999999 
2108 99.9999999999999 
2109 99.9999999999999 
2110 99.9999999999999 
2111 99.9999999999998 
2112 99.9999999999998 
2113 99.9999999999999 
2114 99.9999999999999 
2115 99.9999999999998 
2116 99.9999999999999 
2117 99.9999999999998 
2118 99.9999999999998 
2119 99.9999999999998 
2120 99.9999999999998 
2121 99.9999999999999 
2122 99.9999999999999 
2123 99.9999999999999 
2124 99.9999999999999 
2125 99.9999999999999 
2126 99.9999999999999 
2127 99.9999999999999 
2128 99.9999999999999 
2129 99.9999999999999 
2130 99.9999999999999 
2131 99.9999999999998 
2132 99.9999999999998 
2133 99.9999999999998 
2134 99.9999999999998 
2135 99.9999999999998 
2136 99.9999999999998 
2137 99.9999999999998 
2138 99.9999999999998 
2139 99.9999999999998 
2140 99.9999999999998 
2141 99.9999999999998 
2142 99.9999999999998 
2143 99.9999999999998 
2144 99.9999999999998 
2145 99.9999999999998 
2146 99.9999999999998 
2147 99.9999999999998 
2148 99.9999999999998 
2149 99.9999999999999 
2150 99.9999999999999 
2151 99.9999999999999 
2152 99.9999999999998 
2153 99.9999999999999 
2154 99.9999999999999 
2155 99.9999999999999 
2156 99.9999999999998 
2157 99.9999999999999 
2158 99.9999999999998 
2159 99.9999999999999 
2160 99.9999999999999 
2161 99.9999999999999 
2162 99.9999999999999 
2163 99.9999999999999 
2164 99.9999999999999 
2165 99.9999999999999 
2166 99.9999999999999 
2167 99.9999999999999 
2168 99.9999999999999 
2169 99.9999999999999 
2170 99.9999999999999 
2171 99.9999999999999 
2172 99.9999999999999 
2173 99.9999999999999 
2174 99.9999999999999 
2175 99.9999999999999 
2176 99.9999999999999 
2177 99.9999999999999 
2178 99.9999999999999 
2179 99.9999999999999 
2180 99.9999999999999 
2181 99.9999999999999 
2182 99.9999999999999 
2183 99.9999999999999 
2184 99.9999999999998 
2185 99.9999999999998 
2186 99.9999999999999 
2187 99.9999999999999 
2188 99.9999999999999 
2189 99.9999999999999 
2190 99.9999999999999 
2191 99.9999999999999 
2192 99.9999999999999 
2193 99.9999999999999 
2194 99.9999999999999 
2195 99.9999999999999 
2196 99.9999999999999 
2197 99.9999999999999 
2198 99.9999999999999 
2199 99.9999999999999 
2200 99.9999999999999 
2201 99.9999999999999 
2202 99.9999999999999 
2203 99.9999999999999 
2204 99.9999999999999 
2205 99.9999999999999 
2206 99.9999999999999 
2207 99.9999999999999 
2208 99.9999999999999 
2209 99.9999999999999 
2210 99.9999999999999 
2211 99.9999999999999 
2212 99.9999999999999 
2213 99.9999999999999 
2214 99.9999999999999 
2215 99.9999999999999 
2216 99.9999999999998 
2217 99.9999999999998 
2218 99.9999999999998 
2219 99.9999999999999 
2220 99.9999999999998 
2221 99.9999999999998 
2222 99.9999999999998 
2223 99.9999999999998 
2224 99.9999999999998 
2225 99.9999999999998 
2226 99.9999999999999 
2227 99.9999999999999 
2228 99.9999999999999 
2229 99.9999999999999 
2230 99.9999999999999 
2231 99.9999999999999 
2232 99.9999999999999 
2233 99.9999999999998 
2234 99.9999999999999 
2235 99.9999999999999 
2236 99.9999999999999 
2237 99.9999999999999 
2238 99.9999999999999 
2239 99.9999999999999 
2240 99.9999999999999 
2241 99.9999999999999 
2242 99.9999999999999 
2243 99.9999999999999 
2244 99.9999999999999 
2245 99.9999999999999 
2246 99.9999999999998 
2247 99.9999999999999 
2248 99.9999999999999 
2249 99.9999999999999 
2250 99.9999999999998 
2251 99.9999999999998 
2252 99.9999999999998 
2253 99.9999999999998 
2254 99.9999999999998 
2255 99.9999999999998 
2256 99.9999999999998 
2257 99.9999999999998 
2258 99.9999999999998 
2259 99.9999999999998 
2260 99.9999999999998 
2261 99.9999999999998 
2262 99.9999999999998 
2263 99.9999999999998 
2264 99.9999999999998 
2265 99.9999999999998 
2266 99.9999999999998 
2267 99.9999999999998 
2268 99.9999999999999 
2269 99.9999999999999 
2270 99.9999999999999 
2271 99.9999999999999 
2272 99.9999999999998 
2273 99.9999999999999 
2274 99.9999999999999 
2275 99.9999999999999 
2276 99.9999999999999 
2277 99.9999999999999 
2278 99.9999999999999 
2279 99.9999999999999 
2280 99.9999999999999 
2281 99.9999999999999 
2282 99.9999999999999 
2283 99.9999999999999 
2284 99.9999999999999 
2285 99.9999999999999 
2286 99.9999999999999 
2287 99.9999999999999 
2288 99.9999999999999 
2289 99.9999999999999 
2290 99.9999999999999 
2291 99.9999999999999 
2292 99.9999999999999 
2293 99.9999999999999 
2294 99.9999999999999 
2295 99.9999999999999 
2296 99.9999999999999 
2297 99.9999999999998 
2298 99.9999999999998 
2299 99.9999999999998 
2300 99.9999999999998 
2301 99.9999999999999 
2302 99.9999999999999 
2303 99.9999999999999 
2304 99.9999999999999 
2305 99.9999999999999 
2306 99.9999999999999 
2307 99.9999999999999 
2308 99.9999999999999 
2309 99.9999999999999 
2310 99.9999999999999 
2311 99.9999999999999 
2312 99.9999999999999 
2313 99.9999999999999 
2314 99.9999999999999 
2315 99.9999999999999 
2316 99.9999999999999 
2317 99.9999999999999 
2318 99.9999999999999 
2319 99.9999999999999 
2320 99.9999999999999 
2321 99.9999999999999 
2322 99.9999999999999 
2323 99.9999999999999 
2324 99.9999999999999 
2325 99.9999999999999 
2326 99.9999999999999 
2327 99.9999999999999 
2328 99.9999999999999 
2329 99.9999999999999 
2330 99.9999999999999 
2331 99.9999999999999 
2332 99.9999999999999 
2333 99.9999999999999 
2334 99.9999999999999 
2335 99.9999999999999 
2336 99.9999999999999 
2337 99.9999999999999 
2338 99.9999999999999 
2339 99.9999999999999 
2340 99.9999999999999 
2341 99.9999999999999 
2342 99.9999999999999 
2343 99.9999999999999 
2344 99.9999999999999 
2345 99.9999999999999 
2346 99.9999999999999 
2347 99.9999999999999 
2348 99.9999999999999 
2349 99.9999999999999 
2350 99.9999999999999 
2351 99.9999999999999 
2352 99.9999999999999 
2353 99.9999999999999 
2354 99.9999999999999 
2355 99.9999999999999 
2356 99.9999999999999 
2357 99.9999999999999 
2358 99.9999999999999 
2359 99.9999999999999 
2360 99.9999999999999 
2361 99.9999999999999 
2362 99.9999999999999 
2363 99.9999999999999 
2364 99.9999999999999 
2365 99.9999999999999 
2366 99.9999999999999 
2367 99.9999999999999 
2368 99.9999999999999 
2369 99.9999999999999 
2370 99.9999999999999 
2371 99.9999999999999 
2372 99.9999999999999 
2373 99.9999999999999 
2374 99.9999999999999 
2375 99.9999999999999 
2376 99.9999999999999 
2377 99.9999999999999 
2378 99.9999999999999 
2379 99.9999999999999 
2380 99.9999999999999 
2381 99.9999999999999 
2382 99.9999999999999 
2383 99.9999999999999 
2384 99.9999999999999 
2385 99.9999999999999 
2386 99.9999999999999 
2387 99.9999999999999 
2388 99.9999999999999 
2389 99.9999999999999 
2390 99.9999999999999 
2391 99.9999999999999 
2392 99.9999999999999 
2393 99.9999999999999 
2394 99.9999999999999 
2395 99.9999999999999 
2396 99.9999999999999 
2397 99.9999999999999 
2398 99.9999999999999 
2399 99.9999999999999 
2400 99.9999999999999 
2401 99.9999999999999 
2402 99.9999999999999 
2403 99.9999999999999 
2404 99.9999999999999 
2405 99.9999999999999 
2406 99.9999999999999 
2407 99.9999999999999 
2408 99.9999999999999 
2409 99.9999999999999 
2410 99.9999999999999 
2411 99.9999999999999 
2412 99.9999999999999 
2413 99.9999999999999 
2414 99.9999999999999 
2415 99.9999999999999 
2416 99.9999999999999 
2417 99.9999999999999 
2418 99.9999999999999 
2419 99.9999999999999 
2420 99.9999999999999 
2421 99.9999999999999 
2422 99.9999999999999 
2423 99.9999999999999 
2424 99.9999999999999 
2425 99.9999999999999 
2426 99.9999999999999 
2427 99.9999999999999 
2428 99.9999999999999 
2429 99.9999999999999 
2430 99.9999999999999 
2431 99.9999999999999 
2432 99.9999999999999 
2433 99.9999999999999 
2434 99.9999999999999 
2435 99.9999999999999 
2436 99.9999999999999 
2437 99.9999999999999 
2438 99.9999999999999 
2439 99.9999999999999 
2440 99.9999999999999 
2441 99.9999999999999 
2442 99.9999999999999 
2443 99.9999999999999 
2444 99.9999999999999 
2445 99.9999999999999 
2446 99.9999999999999 
2447 99.9999999999999 
2448 99.9999999999999 
2449 99.9999999999999 
2450 99.9999999999999 
2451 99.9999999999999 
2452 99.9999999999999 
2453 99.9999999999999 
2454 99.9999999999999 
2455 99.9999999999999 
2456 99.9999999999999 
2457 99.9999999999999 
2458 99.9999999999999 
2459 99.9999999999999 
2460 99.9999999999999 
2461 99.9999999999999 
2462 99.9999999999999 
2463 99.9999999999999 
2464 99.9999999999999 
2465 99.9999999999999 
2466 99.9999999999999 
2467 99.9999999999999 
2468 99.9999999999999 
2469 99.9999999999999 
2470 99.9999999999999 
2471 99.9999999999999 
2472 99.9999999999999 
2473 99.9999999999999 
2474 99.9999999999999 
2475 99.9999999999999 
2476 99.9999999999999 
2477 99.9999999999999 
2478 99.9999999999999 
2479 99.9999999999999 
2480 99.9999999999999 
2481 99.9999999999999 
2482 99.9999999999999 
2483 99.9999999999999 
2484 99.9999999999999 
2485 99.9999999999999 
2486 99.9999999999999 
2487 99.9999999999999 
2488 99.9999999999999 
2489 99.9999999999999 
2490 99.9999999999999 
2491 99.9999999999999 
2492 99.9999999999999 
2493 99.9999999999999 
2494 99.9999999999999 
2495 99.9999999999999 
2496 99.9999999999999 
2497 99.9999999999999 
2498 99.9999999999999 
2499 99.9999999999999 
2500 99.9999999999999 
2501 99.9999999999999 
2502 99.9999999999999 
2503 99.9999999999999 
2504 99.9999999999999 
2505 99.9999999999999 
2506 99.9999999999999 
2507 99.9999999999999 
2508 99.9999999999999 
2509 99.9999999999999 
2510 99.9999999999999 
2511 99.9999999999999 
2512 99.9999999999998 
2513 99.9999999999998 
2514 99.9999999999999 
2515 99.9999999999999 
2516 99.9999999999999 
2517 99.9999999999999 
2518 99.9999999999999 
2519 99.9999999999999 
2520 99.9999999999999 
2521 99.9999999999999 
2522 99.9999999999999 
2523 99.9999999999999 
2524 99.9999999999999 
2525 99.9999999999999 
2526 99.9999999999999 
2527 99.9999999999999 
2528 99.9999999999999 
2529 99.9999999999999 
2530 99.9999999999999 
2531 99.9999999999999 
2532 99.9999999999999 
2533 99.9999999999999 
2534 99.9999999999999 
2535 99.9999999999999 
2536 99.9999999999999 
2537 99.9999999999999 
2538 99.9999999999999 
2539 99.9999999999999 
2540 99.9999999999999 
2541 99.9999999999999 
2542 99.9999999999999 
2543 99.9999999999999 
2544 99.9999999999999 
2545 99.9999999999999 
2546 99.9999999999999 
2547 99.9999999999999 
2548 99.9999999999999 
2549 99.9999999999999 
2550 99.9999999999999 
2551 99.9999999999998 
2552 99.9999999999998 
2553 99.9999999999998 
2554 99.9999999999998 
2555 99.9999999999999 
2556 99.9999999999999 
2557 99.9999999999999 
2558 99.9999999999999 
2559 99.9999999999999 
2560 99.9999999999999 
2561 99.9999999999999 
2562 99.9999999999999 
2563 99.9999999999998 
2564 99.9999999999998 
2565 99.9999999999998 
2566 99.9999999999999 
2567 99.9999999999999 
2568 99.9999999999999 
2569 99.9999999999999 
2570 99.9999999999999 
2571 99.9999999999999 
2572 99.9999999999999 
2573 99.9999999999999 
2574 99.9999999999999 
2575 99.9999999999999 
2576 99.9999999999999 
2577 99.9999999999998 
2578 99.9999999999998 
2579 99.9999999999998 
2580 99.9999999999998 
2581 99.9999999999998 
2582 99.9999999999998 
2583 99.9999999999998 
2584 99.9999999999998 
2585 99.9999999999998 
2586 99.9999999999998 
2587 99.9999999999998 
2588 99.9999999999998 
2589 99.9999999999998 
2590 99.9999999999998 
2591 99.9999999999998 
2592 99.9999999999998 
2593 99.9999999999998 
2594 99.9999999999998 
2595 99.9999999999998 
2596 99.9999999999998 
2597 99.9999999999998 
2598 99.9999999999998 
2599 99.9999999999998 
2600 99.9999999999999 
2601 99.9999999999999 
2602 99.9999999999999 
2603 99.9999999999999 
2604 99.9999999999999 
2605 99.9999999999999 
2606 99.9999999999999 
2607 99.9999999999999 
2608 99.9999999999999 
2609 99.9999999999999 
2610 99.9999999999999 
2611 99.9999999999999 
2612 99.9999999999999 
2613 99.9999999999999 
2614 99.9999999999999 
2615 99.9999999999999 
2616 99.9999999999999 
2617 99.9999999999999 
2618 99.9999999999999 
2619 99.9999999999999 
2620 99.9999999999999 
2621 99.9999999999999 
2622 99.9999999999999 
2623 99.9999999999999 
2624 99.9999999999999 
2625 99.9999999999999 
2626 99.9999999999999 
2627 99.9999999999999 
2628 99.9999999999999 
2629 99.9999999999999 
2630 99.9999999999999 
2631 99.9999999999999 
2632 99.9999999999999 
2633 100 
2634 100 
2635 100 
2636 100 
2637 100 
2638 100 
2639 100 
2640 100 
2641 100 
2642 100 
2643 100 
2644 100 
2645 100 
2646 100 
2647 100 
2648 100 
2649 100 
2650 100 
2651 100 
2652 100 
2653 100 
2654 100 
2655 100 
2656 100 
2657 100 
2658 100 
2659 100 
2660 100 
2661 100 
2662 100 
2663 100 
2664 100 
2665 100 
2666 100 
2667 99.9999999999999 
2668 100 
2669 100 
2670 100 
2671 100 
2672 100 
2673 100 
2674 100 
2675 100 
2676 100 
2677 100 
2678 100 
2679 100 
2680 100 
2681 100 
2682 99.9999999999999 
2683 99.9999999999999 
2684 99.9999999999999 
2685 99.9999999999999 
2686 99.9999999999999 
2687 99.9999999999999 
2688 99.9999999999999 
2689 99.9999999999999 
2690 99.9999999999999 
2691 99.9999999999999 
2692 99.9999999999999 
2693 99.9999999999999 
2694 99.9999999999999 
2695 99.9999999999999 
2696 99.9999999999998 
2697 99.9999999999998 
2698 99.9999999999998 
2699 99.9999999999998 
2700 99.9999999999998 
2701 99.9999999999998 
2702 99.9999999999998 
2703 99.9999999999998 
2704 99.9999999999998 
2705 99.9999999999998 
2706 99.9999999999998 
2707 99.9999999999998 
2708 99.9999999999998 
2709 99.9999999999998 
2710 99.9999999999998 
2711 99.9999999999998 
2712 99.9999999999998 
2713 99.9999999999998 
2714 99.9999999999998 
2715 99.9999999999998 
2716 99.9999999999998 
2717 99.9999999999998 
2718 99.9999999999998 
2719 99.9999999999998 
2720 99.9999999999998 
2721 99.9999999999998 
2722 99.9999999999998 
2723 99.9999999999998 
2724 99.9999999999998 
2725 99.9999999999998 
2726 99.9999999999998 
2727 99.9999999999998 
2728 99.9999999999998 
2729 99.9999999999998 
2730 99.9999999999998 
2731 99.9999999999998 
2732 99.9999999999998 
2733 99.9999999999998 
2734 99.9999999999998 
2735 99.9999999999998 
2736 99.9999999999998 
2737 99.9999999999998 
2738 99.9999999999998 
2739 99.9999999999998 
2740 99.9999999999998 
2741 99.9999999999998 
2742 99.9999999999998 
2743 99.9999999999998 
2744 99.9999999999998 
2745 99.9999999999998 
2746 99.9999999999998 
2747 99.9999999999998 
2748 99.9999999999998 
2749 99.9999999999998 
2750 99.9999999999998 
2751 99.9999999999998 
2752 99.9999999999998 
2753 99.9999999999998 
2754 99.9999999999998 
2755 99.9999999999998 
2756 99.9999999999998 
2757 99.9999999999998 
2758 99.9999999999998 
2759 99.9999999999998 
2760 99.9999999999998 
2761 99.9999999999998 
2762 99.9999999999998 
2763 99.9999999999998 
2764 99.9999999999998 
2765 99.9999999999998 
2766 99.9999999999998 
2767 99.9999999999998 
2768 99.9999999999998 
2769 99.9999999999998 
2770 99.9999999999998 
2771 99.9999999999998 
2772 99.9999999999998 
2773 99.9999999999998 
2774 99.9999999999998 
2775 99.9999999999998 
2776 99.9999999999998 
2777 99.9999999999998 
2778 99.9999999999998 
2779 99.9999999999998 
2780 99.9999999999998 
2781 99.9999999999998 
2782 99.9999999999998 
2783 99.9999999999998 
2784 99.9999999999998 
2785 99.9999999999998 
2786 99.9999999999998 
2787 99.9999999999998 
2788 99.9999999999998 
2789 99.9999999999998 
2790 99.9999999999998 
2791 99.9999999999998 
2792 99.9999999999998 
2793 99.9999999999998 
2794 99.9999999999998 
2795 99.9999999999998 
2796 99.9999999999998 
2797 99.9999999999998 
2798 99.9999999999998 
2799 99.9999999999998 
2800 99.9999999999998 
2801 99.9999999999998 
2802 99.9999999999998 
2803 99.9999999999998 
2804 99.9999999999998 
2805 99.9999999999998 
2806 99.9999999999998 
2807 99.9999999999998 
2808 99.9999999999998 
2809 99.9999999999998 
2810 99.9999999999998 
2811 99.9999999999998 
2812 99.9999999999998 
2813 99.9999999999998 
2814 99.9999999999998 
2815 99.9999999999998 
2816 99.9999999999998 
2817 99.9999999999998 
2818 99.9999999999998 
2819 99.9999999999998 
2820 99.9999999999998 
2821 99.9999999999998 
2822 99.9999999999998 
2823 99.9999999999998 
2824 99.9999999999998 
2825 99.9999999999998 
2826 99.9999999999998 
2827 99.9999999999998 
2828 99.9999999999998 
2829 99.9999999999998 
2830 99.9999999999998 
2831 99.9999999999998 
2832 99.9999999999998 
2833 99.9999999999998 
2834 99.9999999999998 
2835 99.9999999999998 
2836 99.9999999999998 
2837 99.9999999999998 
2838 99.9999999999998 
2839 99.9999999999998 
2840 99.9999999999998 
2841 99.9999999999998 
2842 99.9999999999998 
2843 99.9999999999998 
2844 99.9999999999998 
2845 99.9999999999998 
2846 99.9999999999998 
2847 99.9999999999998 
2848 99.9999999999998 
2849 99.9999999999998 
2850 99.9999999999998 
2851 99.9999999999998 
2852 99.9999999999998 
2853 99.9999999999998 
2854 99.9999999999998 
2855 99.9999999999998 
2856 99.9999999999998 
2857 99.9999999999998 
2858 99.9999999999998 
2859 99.9999999999998 
2860 99.9999999999998 
2861 99.9999999999998 
2862 99.9999999999998 
2863 99.9999999999998 
2864 99.9999999999998 
2865 99.9999999999998 
2866 99.9999999999998 
2867 99.9999999999998 
2868 99.9999999999998 
2869 99.9999999999998 
2870 99.9999999999998 
2871 99.9999999999998 
2872 99.9999999999998 
2873 99.9999999999998 
2874 99.9999999999998 
2875 99.9999999999998 
2876 99.9999999999998 
2877 99.9999999999998 
2878 99.9999999999998 
2879 99.9999999999998 
2880 99.9999999999998 
2881 99.9999999999998 
2882 99.9999999999998 
2883 99.9999999999998 
2884 99.9999999999998 
2885 99.9999999999998 
2886 99.9999999999998 
2887 99.9999999999998 
2888 99.9999999999998 
2889 99.9999999999998 
2890 99.9999999999998 
2891 99.9999999999998 
2892 99.9999999999998 
2893 99.9999999999998 
2894 99.9999999999998 
2895 99.9999999999998 
2896 99.9999999999998 
2897 99.9999999999998 
2898 99.9999999999998 
2899 99.9999999999998 
2900 99.9999999999998 
2901 99.9999999999998 
2902 99.9999999999998 
2903 99.9999999999998 
2904 99.9999999999998 
2905 99.9999999999998 
2906 99.9999999999998 
2907 99.9999999999998 
2908 99.9999999999998 
2909 99.9999999999998 
2910 99.9999999999998 
2911 99.9999999999998 
2912 99.9999999999998 
2913 99.9999999999998 
2914 99.9999999999998 
2915 99.9999999999998 
2916 99.9999999999998 
2917 99.9999999999998 
2918 99.9999999999998 
2919 99.9999999999998 
2920 99.9999999999998 
2921 99.9999999999998 
2922 99.9999999999998 
2923 99.9999999999998 
2924 99.9999999999998 
2925 99.9999999999998 
2926 99.9999999999998 
2927 99.9999999999998 
2928 99.9999999999998 
2929 99.9999999999998 
2930 99.9999999999998 
2931 99.9999999999998 
2932 99.9999999999998 
2933 99.9999999999998 
2934 99.9999999999998 
2935 99.9999999999998 
2936 99.9999999999998 
2937 99.9999999999998 
2938 99.9999999999998 
2939 99.9999999999998 
2940 99.9999999999998 
2941 99.9999999999998 
2942 99.9999999999998 
2943 99.9999999999998 
2944 99.9999999999998 
2945 99.9999999999998 
2946 99.9999999999998 
2947 99.9999999999998 
2948 99.9999999999998 
2949 99.9999999999998 
2950 99.9999999999998 
2951 99.9999999999998 
2952 99.9999999999998 
2953 99.9999999999998 
2954 99.9999999999998 
2955 99.9999999999998 
2956 99.9999999999998 
2957 99.9999999999998 
2958 99.9999999999998 
2959 99.9999999999998 
2960 99.9999999999998 
2961 99.9999999999998 
2962 99.9999999999998 
2963 99.9999999999998 
2964 99.9999999999998 
2965 99.9999999999998 
2966 99.9999999999998 
2967 99.9999999999998 
2968 99.9999999999998 
2969 99.9999999999998 
2970 99.9999999999998 
2971 99.9999999999998 
2972 99.9999999999998 
2973 99.9999999999998 
2974 99.9999999999998 
2975 99.9999999999998 
2976 99.9999999999998 
2977 99.9999999999998 
2978 99.9999999999998 
2979 99.9999999999998 
2980 99.9999999999998 
2981 99.9999999999998 
2982 99.9999999999998 
2983 99.9999999999998 
2984 99.9999999999998 
2985 99.9999999999998 
2986 99.9999999999998 
2987 99.9999999999998 
2988 99.9999999999998 
2989 99.9999999999998 
2990 99.9999999999998 
2991 99.9999999999998 
2992 99.9999999999998 
2993 99.9999999999998 
2994 99.9999999999998 
2995 99.9999999999998 
2996 99.9999999999998 
2997 99.9999999999998 
2998 99.9999999999998 
2999 99.9999999999998 
