0.000000 1.000000 
1.000000 1.113000 
2.000000 1.233000 
3.000000 1.351000 
4.000000 1.454000 
5.000000 1.562000 
6.000000 1.705000 
7.000000 1.810000 
8.000000 1.940000 
9.000000 2.068000 
10.000000 2.211000 
11.000000 2.360000 
12.000000 2.495000 
13.000000 2.602000 
14.000000 2.725000 
15.000000 2.838000 
16.000000 2.965000 
17.000000 3.104000 
18.000000 3.231000 
19.000000 3.374000 
20.000000 3.503000 
21.000000 3.651000 
22.000000 3.783000 
23.000000 3.915000 
24.000000 4.037000 
25.000000 4.204000 
26.000000 4.354000 
27.000000 4.536000 
28.000000 4.687000 
29.000000 4.846000 
30.000000 5.005000 
31.000000 5.153000 
32.000000 5.311000 
33.000000 5.464000 
34.000000 5.613000 
35.000000 5.766000 
36.000000 5.919000 
37.000000 6.091000 
38.000000 6.245000 
39.000000 6.408000 
40.000000 6.576000 
41.000000 6.735000 
42.000000 6.897000 
43.000000 7.053000 
44.000000 7.276000 
45.000000 7.459000 
46.000000 7.617000 
47.000000 7.774000 
48.000000 7.958000 
49.000000 8.146000 
50.000000 8.355000 
51.000000 8.529000 
52.000000 8.725000 
53.000000 8.904000 
54.000000 9.079000 
55.000000 9.260000 
56.000000 9.469000 
57.000000 9.656000 
58.000000 9.835000 
59.000000 10.024000 
60.000000 10.226000 
61.000000 10.423000 
62.000000 10.625000 
63.000000 10.838000 
64.000000 11.030000 
65.000000 11.236000 
66.000000 11.436000 
67.000000 11.642000 
68.000000 11.830000 
69.000000 12.036000 
70.000000 12.261000 
71.000000 12.503000 
72.000000 12.714000 
73.000000 12.934000 
74.000000 13.193000 
75.000000 13.409000 
76.000000 13.638000 
77.000000 13.842000 
78.000000 14.081000 
79.000000 14.329000 
80.000000 14.560000 
81.000000 14.807000 
82.000000 15.053000 
83.000000 15.278000 
84.000000 15.522000 
85.000000 15.729000 
86.000000 15.997000 
87.000000 16.224000 
88.000000 16.448000 
89.000000 16.699000 
90.000000 16.927000 
91.000000 17.196000 
92.000000 17.448000 
93.000000 17.694000 
94.000000 17.939000 
95.000000 18.173000 
96.000000 18.405000 
97.000000 18.655000 
98.000000 18.913000 
99.000000 19.172000 
100.000000 19.436000 
101.000000 19.705000 
102.000000 19.984000 
103.000000 20.248000 
104.000000 20.504000 
105.000000 20.794000 
106.000000 21.050000 
107.000000 21.345000 
108.000000 21.604000 
109.000000 21.870000 
110.000000 22.128000 
111.000000 22.413000 
112.000000 22.663000 
113.000000 22.953000 
114.000000 23.227000 
115.000000 23.509000 
116.000000 23.773000 
117.000000 24.038000 
118.000000 24.346000 
119.000000 24.635000 
120.000000 24.889000 
121.000000 25.195000 
122.000000 25.507000 
123.000000 25.788000 
124.000000 26.068000 
125.000000 26.348000 
126.000000 26.645000 
127.000000 26.953000 
128.000000 27.262000 
129.000000 27.544000 
130.000000 27.817000 
131.000000 28.084000 
132.000000 28.373000 
133.000000 28.635000 
134.000000 28.928000 
135.000000 29.216000 
136.000000 29.531000 
137.000000 29.829000 
138.000000 30.144000 
139.000000 30.431000 
140.000000 30.720000 
141.000000 31.015000 
142.000000 31.324000 
143.000000 31.636000 
144.000000 31.944000 
145.000000 32.253000 
146.000000 32.577000 
147.000000 32.860000 
148.000000 33.149000 
149.000000 33.454000 
150.000000 33.747000 
151.000000 34.062000 
152.000000 34.357000 
153.000000 34.667000 
154.000000 34.954000 
155.000000 35.258000 
156.000000 35.608000 
157.000000 35.920000 
158.000000 36.218000 
159.000000 36.497000 
160.000000 36.808000 
161.000000 37.110000 
162.000000 37.432000 
163.000000 37.783000 
164.000000 38.117000 
165.000000 38.432000 
166.000000 38.732000 
167.000000 39.058000 
168.000000 39.336000 
169.000000 39.636000 
170.000000 39.928000 
171.000000 40.250000 
172.000000 40.568000 
173.000000 40.849000 
174.000000 41.180000 
175.000000 41.524000 
176.000000 41.851000 
177.000000 42.177000 
178.000000 42.473000 
179.000000 42.791000 
180.000000 43.086000 
181.000000 43.385000 
182.000000 43.694000 
183.000000 44.035000 
184.000000 44.345000 
185.000000 44.673000 
186.000000 44.985000 
187.000000 45.319000 
188.000000 45.656000 
189.000000 45.974000 
190.000000 46.282000 
191.000000 46.617000 
192.000000 46.871000 
193.000000 47.160000 
194.000000 47.504000 
195.000000 47.822000 
196.000000 48.149000 
197.000000 48.490000 
198.000000 48.832000 
199.000000 49.152000 
200.000000 49.464000 
201.000000 49.777000 
202.000000 50.124000 
203.000000 50.439000 
204.000000 50.762000 
205.000000 51.065000 
206.000000 51.367000 
207.000000 51.644000 
208.000000 51.981000 
209.000000 52.294000 
210.000000 52.622000 
211.000000 52.929000 
212.000000 53.270000 
213.000000 53.601000 
214.000000 53.918000 
215.000000 54.196000 
216.000000 54.529000 
217.000000 54.827000 
218.000000 55.147000 
219.000000 55.453000 
220.000000 55.764000 
221.000000 56.067000 
222.000000 56.375000 
223.000000 56.657000 
224.000000 56.941000 
225.000000 57.251000 
226.000000 57.561000 
227.000000 57.875000 
228.000000 58.168000 
229.000000 58.466000 
230.000000 58.754000 
231.000000 59.058000 
232.000000 59.377000 
233.000000 59.660000 
234.000000 59.971000 
235.000000 60.302000 
236.000000 60.632000 
237.000000 60.917000 
238.000000 61.229000 
239.000000 61.520000 
240.000000 61.770000 
241.000000 62.066000 
242.000000 62.361000 
243.000000 62.621000 
244.000000 62.916000 
245.000000 63.210000 
246.000000 63.491000 
247.000000 63.757000 
248.000000 64.014000 
249.000000 64.281000 
250.000000 64.554000 
251.000000 64.834000 
252.000000 65.100000 
253.000000 65.369000 
254.000000 65.632000 
255.000000 65.908000 
256.000000 66.167000 
257.000000 66.430000 
258.000000 66.686000 
259.000000 66.946000 
260.000000 67.203000 
261.000000 67.478000 
262.000000 67.721000 
263.000000 67.999000 
264.000000 68.278000 
265.000000 68.542000 
266.000000 68.794000 
267.000000 69.016000 
268.000000 69.255000 
269.000000 69.500000 
270.000000 69.720000 
271.000000 69.967000 
272.000000 70.236000 
273.000000 70.459000 
274.000000 70.671000 
275.000000 70.954000 
276.000000 71.186000 
277.000000 71.404000 
278.000000 71.643000 
279.000000 71.892000 
280.000000 72.132000 
281.000000 72.360000 
282.000000 72.609000 
283.000000 72.848000 
284.000000 73.091000 
285.000000 73.314000 
286.000000 73.531000 
287.000000 73.736000 
288.000000 73.965000 
289.000000 74.188000 
290.000000 74.417000 
291.000000 74.624000 
292.000000 74.832000 
293.000000 75.030000 
294.000000 75.262000 
295.000000 75.473000 
296.000000 75.667000 
297.000000 75.889000 
298.000000 76.097000 
299.000000 76.297000 
300.000000 76.482000 
301.000000 76.679000 
302.000000 76.900000 
303.000000 77.108000 
304.000000 77.316000 
305.000000 77.525000 
306.000000 77.707000 
307.000000 77.878000 
308.000000 78.062000 
309.000000 78.253000 
310.000000 78.438000 
311.000000 78.633000 
312.000000 78.841000 
313.000000 79.024000 
314.000000 79.214000 
315.000000 79.380000 
316.000000 79.592000 
317.000000 79.787000 
318.000000 79.948000 
319.000000 80.141000 
320.000000 80.350000 
321.000000 80.522000 
322.000000 80.717000 
323.000000 80.893000 
324.000000 81.048000 
325.000000 81.225000 
326.000000 81.398000 
327.000000 81.558000 
328.000000 81.725000 
329.000000 81.907000 
330.000000 82.092000 
331.000000 82.247000 
332.000000 82.419000 
333.000000 82.596000 
334.000000 82.747000 
335.000000 82.904000 
336.000000 83.051000 
337.000000 83.223000 
338.000000 83.405000 
339.000000 83.579000 
340.000000 83.727000 
341.000000 83.904000 
342.000000 84.042000 
343.000000 84.234000 
344.000000 84.397000 
345.000000 84.552000 
346.000000 84.704000 
347.000000 84.844000 
348.000000 85.002000 
349.000000 85.166000 
350.000000 85.311000 
351.000000 85.453000 
352.000000 85.602000 
353.000000 85.756000 
354.000000 85.934000 
355.000000 86.079000 
356.000000 86.210000 
357.000000 86.339000 
358.000000 86.475000 
359.000000 86.610000 
360.000000 86.729000 
361.000000 86.850000 
362.000000 87.000000 
363.000000 87.116000 
364.000000 87.260000 
365.000000 87.388000 
366.000000 87.498000 
367.000000 87.633000 
368.000000 87.752000 
369.000000 87.869000 
370.000000 87.996000 
371.000000 88.104000 
372.000000 88.209000 
373.000000 88.324000 
374.000000 88.447000 
375.000000 88.589000 
376.000000 88.716000 
377.000000 88.834000 
378.000000 88.956000 
379.000000 89.070000 
380.000000 89.184000 
381.000000 89.294000 
382.000000 89.422000 
383.000000 89.521000 
384.000000 89.628000 
385.000000 89.745000 
386.000000 89.839000 
387.000000 89.941000 
388.000000 90.049000 
389.000000 90.141000 
390.000000 90.238000 
391.000000 90.341000 
392.000000 90.446000 
393.000000 90.548000 
394.000000 90.660000 
395.000000 90.754000 
396.000000 90.839000 
397.000000 90.923000 
398.000000 91.027000 
399.000000 91.111000 
400.000000 91.211000 
401.000000 91.300000 
402.000000 91.383000 
403.000000 91.479000 
404.000000 91.558000 
405.000000 91.631000 
406.000000 91.719000 
407.000000 91.803000 
408.000000 91.874000 
409.000000 91.954000 
410.000000 92.035000 
411.000000 92.131000 
412.000000 92.209000 
413.000000 92.293000 
414.000000 92.375000 
415.000000 92.453000 
416.000000 92.536000 
417.000000 92.640000 
418.000000 92.725000 
419.000000 92.800000 
420.000000 92.866000 
421.000000 92.943000 
422.000000 93.014000 
423.000000 93.085000 
424.000000 93.160000 
425.000000 93.232000 
426.000000 93.303000 
427.000000 93.367000 
428.000000 93.445000 
429.000000 93.526000 
430.000000 93.582000 
431.000000 93.633000 
432.000000 93.691000 
433.000000 93.760000 
434.000000 93.823000 
435.000000 93.898000 
436.000000 93.969000 
437.000000 94.035000 
438.000000 94.105000 
439.000000 94.162000 
440.000000 94.217000 
441.000000 94.283000 
442.000000 94.339000 
443.000000 94.403000 
444.000000 94.458000 
445.000000 94.516000 
446.000000 94.589000 
447.000000 94.658000 
448.000000 94.715000 
449.000000 94.751000 
450.000000 94.819000 
451.000000 94.877000 
452.000000 94.931000 
453.000000 94.984000 
454.000000 95.040000 
455.000000 95.093000 
456.000000 95.142000 
457.000000 95.176000 
458.000000 95.235000 
459.000000 95.283000 
460.000000 95.328000 
461.000000 95.373000 
462.000000 95.429000 
463.000000 95.489000 
464.000000 95.536000 
465.000000 95.590000 
466.000000 95.632000 
467.000000 95.682000 
468.000000 95.729000 
469.000000 95.780000 
470.000000 95.827000 
471.000000 95.880000 
472.000000 95.935000 
473.000000 95.971000 
474.000000 96.011000 
475.000000 96.048000 
476.000000 96.091000 
477.000000 96.137000 
478.000000 96.182000 
479.000000 96.215000 
480.000000 96.265000 
481.000000 96.309000 
482.000000 96.347000 
483.000000 96.380000 
484.000000 96.432000 
485.000000 96.467000 
486.000000 96.515000 
487.000000 96.552000 
488.000000 96.590000 
489.000000 96.627000 
490.000000 96.668000 
491.000000 96.702000 
492.000000 96.744000 
493.000000 96.786000 
494.000000 96.818000 
495.000000 96.848000 
496.000000 96.883000 
497.000000 96.921000 
498.000000 96.955000 
499.000000 96.985000 
500.000000 97.019000 
501.000000 97.050000 
502.000000 97.087000 
503.000000 97.120000 
504.000000 97.151000 
505.000000 97.185000 
506.000000 97.223000 
507.000000 97.258000 
508.000000 97.293000 
509.000000 97.324000 
510.000000 97.350000 
511.000000 97.377000 
512.000000 97.410000 
513.000000 97.439000 
514.000000 97.464000 
515.000000 97.503000 
516.000000 97.537000 
517.000000 97.559000 
518.000000 97.574000 
519.000000 97.598000 
520.000000 97.621000 
521.000000 97.643000 
522.000000 97.665000 
523.000000 97.693000 
524.000000 97.721000 
525.000000 97.750000 
526.000000 97.767000 
527.000000 97.793000 
528.000000 97.827000 
529.000000 97.853000 
530.000000 97.876000 
531.000000 97.908000 
532.000000 97.927000 
533.000000 97.954000 
534.000000 97.977000 
535.000000 98.002000 
536.000000 98.034000 
537.000000 98.055000 
538.000000 98.070000 
539.000000 98.088000 
540.000000 98.107000 
541.000000 98.130000 
542.000000 98.144000 
543.000000 98.167000 
544.000000 98.189000 
545.000000 98.200000 
546.000000 98.218000 
547.000000 98.232000 
548.000000 98.253000 
549.000000 98.270000 
550.000000 98.295000 
551.000000 98.315000 
552.000000 98.340000 
553.000000 98.357000 
554.000000 98.376000 
555.000000 98.398000 
556.000000 98.426000 
557.000000 98.442000 
558.000000 98.461000 
559.000000 98.483000 
560.000000 98.507000 
561.000000 98.531000 
562.000000 98.550000 
563.000000 98.569000 
564.000000 98.580000 
565.000000 98.605000 
566.000000 98.624000 
567.000000 98.641000 
568.000000 98.660000 
569.000000 98.664000 
570.000000 98.679000 
571.000000 98.700000 
572.000000 98.721000 
573.000000 98.735000 
574.000000 98.748000 
575.000000 98.762000 
576.000000 98.775000 
577.000000 98.797000 
578.000000 98.810000 
579.000000 98.825000 
580.000000 98.838000 
581.000000 98.856000 
582.000000 98.875000 
583.000000 98.884000 
584.000000 98.898000 
585.000000 98.915000 
586.000000 98.923000 
587.000000 98.936000 
588.000000 98.952000 
589.000000 98.963000 
590.000000 98.973000 
591.000000 98.985000 
592.000000 98.998000 
593.000000 99.006000 
594.000000 99.015000 
595.000000 99.022000 
596.000000 99.032000 
597.000000 99.048000 
598.000000 99.058000 
599.000000 99.063000 
600.000000 99.076000 
601.000000 99.084000 
602.000000 99.096000 
603.000000 99.101000 
604.000000 99.108000 
605.000000 99.114000 
606.000000 99.130000 
607.000000 99.140000 
608.000000 99.153000 
609.000000 99.164000 
610.000000 99.169000 
611.000000 99.179000 
612.000000 99.186000 
613.000000 99.197000 
614.000000 99.204000 
615.000000 99.218000 
616.000000 99.225000 
617.000000 99.232000 
618.000000 99.243000 
619.000000 99.253000 
620.000000 99.260000 
621.000000 99.268000 
622.000000 99.282000 
623.000000 99.286000 
624.000000 99.290000 
625.000000 99.295000 
626.000000 99.301000 
627.000000 99.307000 
628.000000 99.313000 
629.000000 99.318000 
630.000000 99.326000 
631.000000 99.336000 
632.000000 99.347000 
633.000000 99.357000 
634.000000 99.364000 
635.000000 99.370000 
636.000000 99.379000 
637.000000 99.385000 
638.000000 99.398000 
639.000000 99.402000 
640.000000 99.405000 
641.000000 99.416000 
642.000000 99.426000 
643.000000 99.428000 
644.000000 99.434000 
645.000000 99.441000 
646.000000 99.447000 
647.000000 99.453000 
648.000000 99.458000 
649.000000 99.462000 
650.000000 99.469000 
651.000000 99.473000 
652.000000 99.485000 
653.000000 99.490000 
654.000000 99.491000 
655.000000 99.499000 
656.000000 99.502000 
657.000000 99.506000 
658.000000 99.513000 
659.000000 99.515000 
660.000000 99.520000 
661.000000 99.526000 
662.000000 99.529000 
663.000000 99.535000 
664.000000 99.539000 
665.000000 99.544000 
666.000000 99.547000 
667.000000 99.552000 
668.000000 99.555000 
669.000000 99.563000 
670.000000 99.565000 
671.000000 99.572000 
672.000000 99.582000 
673.000000 99.584000 
674.000000 99.589000 
675.000000 99.592000 
676.000000 99.595000 
677.000000 99.601000 
678.000000 99.607000 
679.000000 99.614000 
680.000000 99.615000 
681.000000 99.619000 
682.000000 99.627000 
683.000000 99.634000 
684.000000 99.639000 
685.000000 99.642000 
686.000000 99.649000 
687.000000 99.653000 
688.000000 99.656000 
689.000000 99.661000 
690.000000 99.665000 
691.000000 99.671000 
692.000000 99.672000 
693.000000 99.679000 
694.000000 99.681000 
695.000000 99.684000 
696.000000 99.686000 
697.000000 99.692000 
698.000000 99.694000 
699.000000 99.697000 
700.000000 99.704000 
701.000000 99.708000 
702.000000 99.709000 
703.000000 99.715000 
704.000000 99.716000 
705.000000 99.722000 
706.000000 99.726000 
707.000000 99.728000 
708.000000 99.730000 
709.000000 99.732000 
710.000000 99.735000 
711.000000 99.738000 
712.000000 99.740000 
713.000000 99.743000 
714.000000 99.746000 
715.000000 99.747000 
716.000000 99.750000 
717.000000 99.751000 
718.000000 99.751000 
719.000000 99.756000 
720.000000 99.761000 
721.000000 99.765000 
722.000000 99.771000 
723.000000 99.774000 
724.000000 99.777000 
725.000000 99.778000 
726.000000 99.779000 
727.000000 99.780000 
728.000000 99.782000 
729.000000 99.783000 
730.000000 99.787000 
731.000000 99.793000 
732.000000 99.796000 
733.000000 99.799000 
734.000000 99.799000 
735.000000 99.803000 
736.000000 99.804000 
737.000000 99.807000 
738.000000 99.809000 
739.000000 99.811000 
740.000000 99.815000 
741.000000 99.819000 
742.000000 99.820000 
743.000000 99.822000 
744.000000 99.823000 
745.000000 99.826000 
746.000000 99.827000 
747.000000 99.831000 
748.000000 99.832000 
749.000000 99.834000 
750.000000 99.836000 
751.000000 99.837000 
752.000000 99.839000 
753.000000 99.842000 
754.000000 99.842000 
755.000000 99.842000 
756.000000 99.844000 
757.000000 99.845000 
758.000000 99.845000 
759.000000 99.846000 
760.000000 99.848000 
761.000000 99.851000 
762.000000 99.852000 
763.000000 99.855000 
764.000000 99.857000 
765.000000 99.860000 
766.000000 99.863000 
767.000000 99.867000 
768.000000 99.868000 
769.000000 99.877000 
770.000000 99.878000 
771.000000 99.882000 
772.000000 99.884000 
773.000000 99.884000 
774.000000 99.885000 
775.000000 99.886000 
776.000000 99.887000 
777.000000 99.889000 
778.000000 99.890000 
779.000000 99.891000 
780.000000 99.892000 
781.000000 99.893000 
782.000000 99.896000 
783.000000 99.899000 
784.000000 99.900000 
785.000000 99.903000 
786.000000 99.903000 
787.000000 99.904000 
788.000000 99.907000 
789.000000 99.907000 
790.000000 99.908000 
791.000000 99.910000 
792.000000 99.911000 
793.000000 99.913000 
794.000000 99.913000 
795.000000 99.913000 
796.000000 99.914000 
797.000000 99.915000 
798.000000 99.915000 
799.000000 99.915000 
800.000000 99.916000 
801.000000 99.919000 
802.000000 99.921000 
803.000000 99.921000 
804.000000 99.922000 
805.000000 99.923000 
806.000000 99.925000 
807.000000 99.925000 
808.000000 99.925000 
809.000000 99.926000 
810.000000 99.926000 
811.000000 99.927000 
812.000000 99.928000 
813.000000 99.928000 
814.000000 99.928000 
815.000000 99.928000 
816.000000 99.929000 
817.000000 99.929000 
818.000000 99.930000 
819.000000 99.932000 
820.000000 99.933000 
821.000000 99.934000 
822.000000 99.935000 
823.000000 99.935000 
824.000000 99.936000 
825.000000 99.936000 
826.000000 99.936000 
827.000000 99.936000 
828.000000 99.936000 
829.000000 99.938000 
830.000000 99.939000 
831.000000 99.940000 
832.000000 99.940000 
833.000000 99.941000 
834.000000 99.941000 
835.000000 99.941000 
836.000000 99.941000 
837.000000 99.942000 
838.000000 99.942000 
839.000000 99.944000 
840.000000 99.944000 
841.000000 99.946000 
842.000000 99.946000 
843.000000 99.946000 
844.000000 99.946000 
845.000000 99.948000 
846.000000 99.949000 
847.000000 99.949000 
848.000000 99.950000 
849.000000 99.950000 
850.000000 99.951000 
851.000000 99.951000 
852.000000 99.951000 
853.000000 99.951000 
854.000000 99.951000 
855.000000 99.952000 
856.000000 99.953000 
857.000000 99.954000 
858.000000 99.954000 
859.000000 99.954000 
860.000000 99.954000 
861.000000 99.955000 
862.000000 99.956000 
863.000000 99.956000 
864.000000 99.956000 
865.000000 99.956000 
866.000000 99.956000 
867.000000 99.956000 
868.000000 99.957000 
869.000000 99.957000 
870.000000 99.958000 
871.000000 99.958000 
872.000000 99.958000 
873.000000 99.958000 
874.000000 99.958000 
875.000000 99.959000 
876.000000 99.960000 
877.000000 99.960000 
878.000000 99.961000 
879.000000 99.962000 
880.000000 99.963000 
881.000000 99.963000 
882.000000 99.963000 
883.000000 99.963000 
884.000000 99.965000 
885.000000 99.966000 
886.000000 99.966000 
887.000000 99.966000 
888.000000 99.966000 
889.000000 99.967000 
890.000000 99.967000 
891.000000 99.967000 
892.000000 99.967000 
893.000000 99.969000 
894.000000 99.969000 
895.000000 99.969000 
896.000000 99.969000 
897.000000 99.970000 
898.000000 99.970000 
899.000000 99.971000 
900.000000 99.971000 
901.000000 99.971000 
902.000000 99.971000 
903.000000 99.971000 
904.000000 99.971000 
905.000000 99.971000 
906.000000 99.972000 
907.000000 99.972000 
908.000000 99.973000 
909.000000 99.974000 
910.000000 99.974000 
911.000000 99.974000 
912.000000 99.974000 
913.000000 99.975000 
914.000000 99.976000 
915.000000 99.976000 
916.000000 99.976000 
917.000000 99.976000 
918.000000 99.976000 
919.000000 99.976000 
920.000000 99.977000 
921.000000 99.977000 
922.000000 99.977000 
923.000000 99.977000 
924.000000 99.977000 
925.000000 99.980000 
926.000000 99.980000 
927.000000 99.980000 
928.000000 99.980000 
929.000000 99.980000 
930.000000 99.980000 
931.000000 99.980000 
932.000000 99.980000 
933.000000 99.980000 
934.000000 99.980000 
935.000000 99.980000 
936.000000 99.980000 
937.000000 99.980000 
938.000000 99.980000 
939.000000 99.980000 
940.000000 99.980000 
941.000000 99.980000 
942.000000 99.981000 
943.000000 99.982000 
944.000000 99.982000 
945.000000 99.982000 
946.000000 99.982000 
947.000000 99.982000 
948.000000 99.982000 
949.000000 99.982000 
950.000000 99.982000 
951.000000 99.982000 
952.000000 99.982000 
953.000000 99.982000 
954.000000 99.982000 
955.000000 99.982000 
956.000000 99.982000 
957.000000 99.982000 
958.000000 99.982000 
959.000000 99.982000 
960.000000 99.982000 
961.000000 99.983000 
962.000000 99.983000 
963.000000 99.983000 
964.000000 99.983000 
965.000000 99.983000 
966.000000 99.983000 
967.000000 99.983000 
968.000000 99.983000 
969.000000 99.983000 
970.000000 99.983000 
971.000000 99.984000 
972.000000 99.984000 
973.000000 99.984000 
974.000000 99.984000 
975.000000 99.984000 
976.000000 99.984000 
977.000000 99.984000 
978.000000 99.984000 
979.000000 99.984000 
980.000000 99.984000 
981.000000 99.985000 
982.000000 99.985000 
983.000000 99.985000 
984.000000 99.985000 
985.000000 99.985000 
986.000000 99.985000 
987.000000 99.985000 
988.000000 99.985000 
989.000000 99.985000 
990.000000 99.986000 
991.000000 99.986000 
992.000000 99.986000 
993.000000 99.986000 
994.000000 99.986000 
995.000000 99.986000 
996.000000 99.986000 
997.000000 99.986000 
998.000000 99.986000 
999.000000 99.987000 
1000.000000 99.987000 
1001.000000 99.987000 
1002.000000 99.987000 
1003.000000 99.987000 
1004.000000 99.987000 
1005.000000 99.987000 
1006.000000 99.987000 
1007.000000 99.987000 
1008.000000 99.987000 
1009.000000 99.987000 
1010.000000 99.987000 
1011.000000 99.987000 
1012.000000 99.987000 
1013.000000 99.987000 
1014.000000 99.988000 
1015.000000 99.988000 
1016.000000 99.988000 
1017.000000 99.988000 
1018.000000 99.989000 
1019.000000 99.989000 
1020.000000 99.989000 
1021.000000 99.989000 
1022.000000 99.990000 
1023.000000 99.990000 
1024.000000 99.990000 
1025.000000 99.990000 
1026.000000 99.991000 
1027.000000 99.991000 
1028.000000 99.991000 
1029.000000 99.991000 
1030.000000 99.991000 
1031.000000 99.991000 
1032.000000 99.991000 
1033.000000 99.991000 
1034.000000 99.991000 
1035.000000 99.991000 
1036.000000 99.991000 
1037.000000 99.991000 
1038.000000 99.991000 
1039.000000 99.991000 
1040.000000 99.992000 
1041.000000 99.992000 
1042.000000 99.992000 
1043.000000 99.992000 
1044.000000 99.992000 
1045.000000 99.993000 
1046.000000 99.993000 
1047.000000 99.993000 
1048.000000 99.993000 
1049.000000 99.993000 
1050.000000 99.993000 
1051.000000 99.993000 
1052.000000 99.993000 
1053.000000 99.993000 
1054.000000 99.993000 
1055.000000 99.994000 
1056.000000 99.994000 
1057.000000 99.994000 
1058.000000 99.994000 
1059.000000 99.994000 
1060.000000 99.994000 
1061.000000 99.994000 
1062.000000 99.994000 
1063.000000 99.994000 
1064.000000 99.994000 
1065.000000 99.994000 
1066.000000 99.994000 
1067.000000 99.994000 
1068.000000 99.994000 
1069.000000 99.995000 
1070.000000 99.995000 
1071.000000 99.995000 
1072.000000 99.995000 
1073.000000 99.995000 
1074.000000 99.995000 
1075.000000 99.995000 
1076.000000 99.995000 
1077.000000 99.995000 
1078.000000 99.995000 
1079.000000 99.996000 
1080.000000 99.996000 
1081.000000 99.996000 
1082.000000 99.996000 
1083.000000 99.996000 
1084.000000 99.996000 
1085.000000 99.996000 
1086.000000 99.996000 
1087.000000 99.996000 
1088.000000 99.996000 
1089.000000 99.996000 
1090.000000 99.996000 
1091.000000 99.996000 
1092.000000 99.997000 
1093.000000 99.997000 
1094.000000 99.997000 
1095.000000 99.997000 
1096.000000 99.997000 
1097.000000 99.997000 
1098.000000 99.997000 
1099.000000 99.997000 
1100.000000 99.997000 
1101.000000 99.997000 
1102.000000 99.997000 
1103.000000 99.997000 
1104.000000 99.997000 
1105.000000 99.997000 
1106.000000 99.997000 
1107.000000 99.997000 
1108.000000 99.997000 
1109.000000 99.997000 
1110.000000 99.997000 
1111.000000 99.997000 
1112.000000 99.997000 
1113.000000 99.997000 
1114.000000 99.997000 
1115.000000 99.997000 
1116.000000 99.997000 
1117.000000 99.997000 
1118.000000 99.997000 
1119.000000 99.997000 
1120.000000 99.997000 
1121.000000 99.997000 
1122.000000 99.997000 
1123.000000 99.997000 
1124.000000 99.997000 
1125.000000 99.997000 
1126.000000 99.997000 
1127.000000 99.997000 
1128.000000 99.997000 
1129.000000 99.997000 
1130.000000 99.997000 
1131.000000 99.997000 
1132.000000 99.997000 
1133.000000 99.997000 
1134.000000 99.997000 
1135.000000 99.997000 
1136.000000 99.997000 
1137.000000 99.997000 
1138.000000 99.997000 
1139.000000 99.997000 
1140.000000 99.997000 
1141.000000 99.997000 
1142.000000 99.998000 
1143.000000 99.998000 
1144.000000 99.998000 
1145.000000 99.998000 
1146.000000 99.998000 
1147.000000 99.998000 
1148.000000 99.998000 
1149.000000 99.998000 
1150.000000 99.998000 
1151.000000 99.998000 
1152.000000 99.998000 
1153.000000 99.998000 
1154.000000 99.998000 
1155.000000 99.998000 
1156.000000 99.999000 
1157.000000 99.999000 
1158.000000 99.999000 
1159.000000 99.999000 
1160.000000 99.999000 
1161.000000 99.999000 
1162.000000 99.999000 
1163.000000 99.999000 
1164.000000 99.999000 
1165.000000 99.999000 
1166.000000 99.999000 
1167.000000 99.999000 
1168.000000 99.999000 
1169.000000 99.999000 
1170.000000 99.999000 
1171.000000 99.999000 
1172.000000 99.999000 
1173.000000 99.999000 
1174.000000 99.999000 
1175.000000 99.999000 
1176.000000 99.999000 
1177.000000 99.999000 
1178.000000 99.999000 
1179.000000 99.999000 
1180.000000 99.999000 
1181.000000 99.999000 
1182.000000 99.999000 
1183.000000 99.999000 
1184.000000 99.999000 
1185.000000 99.999000 
1186.000000 99.999000 
1187.000000 99.999000 
1188.000000 99.999000 
1189.000000 99.999000 
1190.000000 99.999000 
1191.000000 99.999000 
1192.000000 99.999000 
1193.000000 99.999000 
1194.000000 99.999000 
1195.000000 99.999000 
1196.000000 99.999000 
1197.000000 99.999000 
1198.000000 99.999000 
1199.000000 99.999000 
1200.000000 99.999000 
1201.000000 99.999000 
1202.000000 99.999000 
1203.000000 99.999000 
1204.000000 99.999000 
1205.000000 99.999000 
1206.000000 99.999000 
1207.000000 99.999000 
1208.000000 99.999000 
1209.000000 99.999000 
1210.000000 99.999000 
1211.000000 99.999000 
1212.000000 99.999000 
1213.000000 99.999000 
1214.000000 99.999000 
1215.000000 99.999000 
1216.000000 99.999000 
1217.000000 99.999000 
1218.000000 99.999000 
1219.000000 99.999000 
1220.000000 99.999000 
1221.000000 99.999000 
1222.000000 99.999000 
1223.000000 99.999000 
1224.000000 99.999000 
1225.000000 99.999000 
1226.000000 99.999000 
1227.000000 100.000000 
1228.000000 100.000000 
1229.000000 100.000000 
1230.000000 100.000000 
1231.000000 100.000000 
1232.000000 100.000000 
1233.000000 100.000000 
1234.000000 100.000000 
1235.000000 100.000000 
1236.000000 100.000000 
1237.000000 100.000000 
1238.000000 100.000000 
1239.000000 100.000000 
1240.000000 100.000000 
1241.000000 100.000000 
1242.000000 100.000000 
1243.000000 100.000000 
1244.000000 100.000000 
1245.000000 100.000000 
1246.000000 100.000000 
1247.000000 100.000000 
1248.000000 100.000000 
1249.000000 100.000000 
1250.000000 100.000000 
1251.000000 100.000000 
1252.000000 100.000000 
1253.000000 100.000000 
1254.000000 100.000000 
1255.000000 100.000000 
1256.000000 100.000000 
1257.000000 100.000000 
1258.000000 100.000000 
1259.000000 100.000000 
1260.000000 100.000000 
1261.000000 100.000000 
1262.000000 100.000000 
1263.000000 100.000000 
1264.000000 100.000000 
1265.000000 100.000000 
1266.000000 100.000000 
1267.000000 100.000000 
1268.000000 100.000000 
1269.000000 100.000000 
1270.000000 100.000000 
1271.000000 100.000000 
1272.000000 100.000000 
1273.000000 100.000000 
1274.000000 100.000000 
1275.000000 100.000000 
1276.000000 100.000000 
1277.000000 100.000000 
1278.000000 100.000000 
1279.000000 100.000000 
1280.000000 100.000000 
1281.000000 100.000000 
1282.000000 100.000000 
1283.000000 100.000000 
1284.000000 100.000000 
1285.000000 100.000000 
1286.000000 100.000000 
1287.000000 100.000000 
1288.000000 100.000000 
1289.000000 100.000000 
1290.000000 100.000000 
1291.000000 100.000000 
1292.000000 100.000000 
1293.000000 100.000000 
1294.000000 100.000000 
1295.000000 100.000000 
1296.000000 100.000000 
1297.000000 100.000000 
1298.000000 100.000000 
1299.000000 100.000000 
1300.000000 100.000000 
1301.000000 100.000000 
1302.000000 100.000000 
1303.000000 100.000000 
1304.000000 100.000000 
1305.000000 100.000000 
1306.000000 100.000000 
1307.000000 100.000000 
1308.000000 100.000000 
1309.000000 100.000000 
1310.000000 100.000000 
1311.000000 100.000000 
1312.000000 100.000000 
1313.000000 100.000000 
1314.000000 100.000000 
1315.000000 100.000000 
1316.000000 100.000000 
1317.000000 100.000000 
1318.000000 100.000000 
1319.000000 100.000000 
1320.000000 100.000000 
1321.000000 100.000000 
1322.000000 100.000000 
1323.000000 100.000000 
1324.000000 100.000000 
1325.000000 100.000000 
1326.000000 100.000000 
1327.000000 100.000000 
1328.000000 100.000000 
1329.000000 100.000000 
1330.000000 100.000000 
1331.000000 100.000000 
1332.000000 100.000000 
1333.000000 100.000000 
1334.000000 100.000000 
1335.000000 100.000000 
1336.000000 100.000000 
1337.000000 100.000000 
1338.000000 100.000000 
1339.000000 100.000000 
1340.000000 100.000000 
1341.000000 100.000000 
1342.000000 100.000000 
1343.000000 100.000000 
1344.000000 100.000000 
1345.000000 100.000000 
1346.000000 100.000000 
1347.000000 100.000000 
1348.000000 100.000000 
1349.000000 100.000000 
1350.000000 100.000000 
1351.000000 100.000000 
1352.000000 100.000000 
1353.000000 100.000000 
1354.000000 100.000000 
1355.000000 100.000000 
1356.000000 100.000000 
1357.000000 100.000000 
1358.000000 100.000000 
1359.000000 100.000000 
1360.000000 100.000000 
1361.000000 100.000000 
1362.000000 100.000000 
1363.000000 100.000000 
1364.000000 100.000000 
1365.000000 100.000000 
1366.000000 100.000000 
1367.000000 100.000000 
1368.000000 100.000000 
1369.000000 100.000000 
1370.000000 100.000000 
1371.000000 100.000000 
1372.000000 100.000000 
1373.000000 100.000000 
1374.000000 100.000000 
1375.000000 100.000000 
1376.000000 100.000000 
1377.000000 100.000000 
1378.000000 100.000000 
1379.000000 100.000000 
1380.000000 100.000000 
1381.000000 100.000000 
1382.000000 100.000000 
1383.000000 100.000000 
1384.000000 100.000000 
1385.000000 100.000000 
1386.000000 100.000000 
1387.000000 100.000000 
1388.000000 100.000000 
1389.000000 100.000000 
1390.000000 100.000000 
1391.000000 100.000000 
1392.000000 100.000000 
1393.000000 100.000000 
1394.000000 100.000000 
1395.000000 100.000000 
1396.000000 100.000000 
1397.000000 100.000000 
1398.000000 100.000000 
1399.000000 100.000000 
1400.000000 100.000000 
1401.000000 100.000000 
1402.000000 100.000000 
1403.000000 100.000000 
1404.000000 100.000000 
1405.000000 100.000000 
1406.000000 100.000000 
1407.000000 100.000000 
1408.000000 100.000000 
1409.000000 100.000000 
1410.000000 100.000000 
1411.000000 100.000000 
1412.000000 100.000000 
1413.000000 100.000000 
1414.000000 100.000000 
1415.000000 100.000000 
1416.000000 100.000000 
1417.000000 100.000000 
1418.000000 100.000000 
1419.000000 100.000000 
1420.000000 100.000000 
1421.000000 100.000000 
1422.000000 100.000000 
1423.000000 100.000000 
1424.000000 100.000000 
1425.000000 100.000000 
1426.000000 100.000000 
1427.000000 100.000000 
1428.000000 100.000000 
1429.000000 100.000000 
1430.000000 100.000000 
1431.000000 100.000000 
1432.000000 100.000000 
1433.000000 100.000000 
1434.000000 100.000000 
1435.000000 100.000000 
1436.000000 100.000000 
1437.000000 100.000000 
1438.000000 100.000000 
1439.000000 100.000000 
1440.000000 100.000000 
1441.000000 100.000000 
1442.000000 100.000000 
1443.000000 100.000000 
1444.000000 100.000000 
1445.000000 100.000000 
1446.000000 100.000000 
1447.000000 100.000000 
1448.000000 100.000000 
1449.000000 100.000000 
1450.000000 100.000000 
1451.000000 100.000000 
1452.000000 100.000000 
1453.000000 100.000000 
1454.000000 100.000000 
1455.000000 100.000000 
1456.000000 100.000000 
1457.000000 100.000000 
1458.000000 100.000000 
1459.000000 100.000000 
1460.000000 100.000000 
1461.000000 100.000000 
1462.000000 100.000000 
1463.000000 100.000000 
1464.000000 100.000000 
1465.000000 100.000000 
1466.000000 100.000000 
1467.000000 100.000000 
1468.000000 100.000000 
1469.000000 100.000000 
1470.000000 100.000000 
1471.000000 100.000000 
1472.000000 100.000000 
1473.000000 100.000000 
1474.000000 100.000000 
1475.000000 100.000000 
1476.000000 100.000000 
1477.000000 100.000000 
1478.000000 100.000000 
1479.000000 100.000000 
1480.000000 100.000000 
1481.000000 100.000000 
1482.000000 100.000000 
1483.000000 100.000000 
1484.000000 100.000000 
1485.000000 100.000000 
1486.000000 100.000000 
1487.000000 100.000000 
1488.000000 100.000000 
1489.000000 100.000000 
1490.000000 100.000000 
1491.000000 100.000000 
1492.000000 100.000000 
1493.000000 100.000000 
1494.000000 100.000000 
1495.000000 100.000000 
1496.000000 100.000000 
1497.000000 100.000000 
1498.000000 100.000000 
1499.000000 100.000000 
1500.000000 100.000000 
1501.000000 100.000000 
1502.000000 100.000000 
1503.000000 100.000000 
1504.000000 100.000000 
1505.000000 100.000000 
1506.000000 100.000000 
1507.000000 100.000000 
1508.000000 100.000000 
1509.000000 100.000000 
1510.000000 100.000000 
1511.000000 100.000000 
1512.000000 100.000000 
1513.000000 100.000000 
1514.000000 100.000000 
1515.000000 100.000000 
1516.000000 100.000000 
1517.000000 100.000000 
1518.000000 100.000000 
1519.000000 100.000000 
1520.000000 100.000000 
1521.000000 100.000000 
1522.000000 100.000000 
1523.000000 100.000000 
1524.000000 100.000000 
1525.000000 100.000000 
1526.000000 100.000000 
1527.000000 100.000000 
1528.000000 100.000000 
1529.000000 100.000000 
1530.000000 100.000000 
1531.000000 100.000000 
1532.000000 100.000000 
1533.000000 100.000000 
1534.000000 100.000000 
1535.000000 100.000000 
1536.000000 100.000000 
1537.000000 100.000000 
1538.000000 100.000000 
1539.000000 100.000000 
1540.000000 100.000000 
1541.000000 100.000000 
1542.000000 100.000000 
1543.000000 100.000000 
1544.000000 100.000000 
1545.000000 100.000000 
1546.000000 100.000000 
1547.000000 100.000000 
1548.000000 100.000000 
1549.000000 100.000000 
1550.000000 100.000000 
1551.000000 100.000000 
1552.000000 100.000000 
1553.000000 100.000000 
1554.000000 100.000000 
1555.000000 100.000000 
1556.000000 100.000000 
1557.000000 100.000000 
1558.000000 100.000000 
1559.000000 100.000000 
1560.000000 100.000000 
1561.000000 100.000000 
1562.000000 100.000000 
1563.000000 100.000000 
1564.000000 100.000000 
1565.000000 100.000000 
1566.000000 100.000000 
1567.000000 100.000000 
1568.000000 100.000000 
1569.000000 100.000000 
1570.000000 100.000000 
1571.000000 100.000000 
1572.000000 100.000000 
1573.000000 100.000000 
1574.000000 100.000000 
1575.000000 100.000000 
1576.000000 100.000000 
1577.000000 100.000000 
1578.000000 100.000000 
1579.000000 100.000000 
1580.000000 100.000000 
1581.000000 100.000000 
1582.000000 100.000000 
1583.000000 100.000000 
1584.000000 100.000000 
1585.000000 100.000000 
1586.000000 100.000000 
1587.000000 100.000000 
1588.000000 100.000000 
1589.000000 100.000000 
1590.000000 100.000000 
1591.000000 100.000000 
1592.000000 100.000000 
1593.000000 100.000000 
1594.000000 100.000000 
1595.000000 100.000000 
1596.000000 100.000000 
1597.000000 100.000000 
1598.000000 100.000000 
1599.000000 100.000000 
1600.000000 100.000000 
1601.000000 100.000000 
1602.000000 100.000000 
1603.000000 100.000000 
1604.000000 100.000000 
1605.000000 100.000000 
1606.000000 100.000000 
1607.000000 100.000000 
1608.000000 100.000000 
1609.000000 100.000000 
1610.000000 100.000000 
1611.000000 100.000000 
1612.000000 100.000000 
1613.000000 100.000000 
1614.000000 100.000000 
1615.000000 100.000000 
1616.000000 100.000000 
1617.000000 100.000000 
1618.000000 100.000000 
1619.000000 100.000000 
1620.000000 100.000000 
1621.000000 100.000000 
1622.000000 100.000000 
1623.000000 100.000000 
1624.000000 100.000000 
1625.000000 100.000000 
1626.000000 100.000000 
1627.000000 100.000000 
1628.000000 100.000000 
1629.000000 100.000000 
1630.000000 100.000000 
1631.000000 100.000000 
1632.000000 100.000000 
1633.000000 100.000000 
1634.000000 100.000000 
1635.000000 100.000000 
1636.000000 100.000000 
1637.000000 100.000000 
1638.000000 100.000000 
1639.000000 100.000000 
1640.000000 100.000000 
1641.000000 100.000000 
1642.000000 100.000000 
1643.000000 100.000000 
1644.000000 100.000000 
1645.000000 100.000000 
1646.000000 100.000000 
1647.000000 100.000000 
1648.000000 100.000000 
1649.000000 100.000000 
1650.000000 100.000000 
1651.000000 100.000000 
1652.000000 100.000000 
1653.000000 100.000000 
1654.000000 100.000000 
1655.000000 100.000000 
1656.000000 100.000000 
1657.000000 100.000000 
1658.000000 100.000000 
1659.000000 100.000000 
1660.000000 100.000000 
1661.000000 100.000000 
1662.000000 100.000000 
1663.000000 100.000000 
1664.000000 100.000000 
1665.000000 100.000000 
1666.000000 100.000000 
1667.000000 100.000000 
1668.000000 100.000000 
1669.000000 100.000000 
1670.000000 100.000000 
1671.000000 100.000000 
1672.000000 100.000000 
1673.000000 100.000000 
1674.000000 100.000000 
1675.000000 100.000000 
1676.000000 100.000000 
1677.000000 100.000000 
1678.000000 100.000000 
1679.000000 100.000000 
1680.000000 100.000000 
1681.000000 100.000000 
1682.000000 100.000000 
1683.000000 100.000000 
1684.000000 100.000000 
1685.000000 100.000000 
1686.000000 100.000000 
1687.000000 100.000000 
1688.000000 100.000000 
1689.000000 100.000000 
1690.000000 100.000000 
1691.000000 100.000000 
1692.000000 100.000000 
1693.000000 100.000000 
1694.000000 100.000000 
1695.000000 100.000000 
1696.000000 100.000000 
1697.000000 100.000000 
1698.000000 100.000000 
1699.000000 100.000000 
1700.000000 100.000000 
1701.000000 100.000000 
1702.000000 100.000000 
1703.000000 100.000000 
1704.000000 100.000000 
1705.000000 100.000000 
1706.000000 100.000000 
1707.000000 100.000000 
1708.000000 100.000000 
1709.000000 100.000000 
1710.000000 100.000000 
1711.000000 100.000000 
1712.000000 100.000000 
1713.000000 100.000000 
1714.000000 100.000000 
1715.000000 100.000000 
1716.000000 100.000000 
1717.000000 100.000000 
1718.000000 100.000000 
1719.000000 100.000000 
1720.000000 100.000000 
1721.000000 100.000000 
1722.000000 100.000000 
1723.000000 100.000000 
1724.000000 100.000000 
1725.000000 100.000000 
1726.000000 100.000000 
1727.000000 100.000000 
1728.000000 100.000000 
1729.000000 100.000000 
1730.000000 100.000000 
1731.000000 100.000000 
1732.000000 100.000000 
1733.000000 100.000000 
1734.000000 100.000000 
1735.000000 100.000000 
1736.000000 100.000000 
1737.000000 100.000000 
1738.000000 100.000000 
1739.000000 100.000000 
1740.000000 100.000000 
1741.000000 100.000000 
1742.000000 100.000000 
1743.000000 100.000000 
1744.000000 100.000000 
1745.000000 100.000000 
1746.000000 100.000000 
1747.000000 100.000000 
1748.000000 100.000000 
1749.000000 100.000000 
1750.000000 100.000000 
1751.000000 100.000000 
1752.000000 100.000000 
1753.000000 100.000000 
1754.000000 100.000000 
1755.000000 100.000000 
1756.000000 100.000000 
1757.000000 100.000000 
1758.000000 100.000000 
1759.000000 100.000000 
1760.000000 100.000000 
1761.000000 100.000000 
1762.000000 100.000000 
1763.000000 100.000000 
1764.000000 100.000000 
1765.000000 100.000000 
1766.000000 100.000000 
1767.000000 100.000000 
1768.000000 100.000000 
1769.000000 100.000000 
1770.000000 100.000000 
1771.000000 100.000000 
1772.000000 100.000000 
1773.000000 100.000000 
1774.000000 100.000000 
1775.000000 100.000000 
1776.000000 100.000000 
1777.000000 100.000000 
1778.000000 100.000000 
1779.000000 100.000000 
1780.000000 100.000000 
1781.000000 100.000000 
1782.000000 100.000000 
1783.000000 100.000000 
1784.000000 100.000000 
1785.000000 100.000000 
1786.000000 100.000000 
1787.000000 100.000000 
1788.000000 100.000000 
1789.000000 100.000000 
1790.000000 100.000000 
1791.000000 100.000000 
1792.000000 100.000000 
1793.000000 100.000000 
1794.000000 100.000000 
1795.000000 100.000000 
1796.000000 100.000000 
1797.000000 100.000000 
1798.000000 100.000000 
1799.000000 100.000000 
1800.000000 100.000000 
1801.000000 100.000000 
1802.000000 100.000000 
1803.000000 100.000000 
1804.000000 100.000000 
1805.000000 100.000000 
1806.000000 100.000000 
1807.000000 100.000000 
1808.000000 100.000000 
1809.000000 100.000000 
1810.000000 100.000000 
1811.000000 100.000000 
1812.000000 100.000000 
1813.000000 100.000000 
1814.000000 100.000000 
1815.000000 100.000000 
1816.000000 100.000000 
1817.000000 100.000000 
1818.000000 100.000000 
1819.000000 100.000000 
1820.000000 100.000000 
1821.000000 100.000000 
1822.000000 100.000000 
1823.000000 100.000000 
1824.000000 100.000000 
1825.000000 100.000000 
1826.000000 100.000000 
1827.000000 100.000000 
1828.000000 100.000000 
1829.000000 100.000000 
1830.000000 100.000000 
1831.000000 100.000000 
1832.000000 100.000000 
1833.000000 100.000000 
1834.000000 100.000000 
1835.000000 100.000000 
1836.000000 100.000000 
1837.000000 100.000000 
1838.000000 100.000000 
1839.000000 100.000000 
1840.000000 100.000000 
1841.000000 100.000000 
1842.000000 100.000000 
1843.000000 100.000000 
1844.000000 100.000000 
1845.000000 100.000000 
1846.000000 100.000000 
1847.000000 100.000000 
1848.000000 100.000000 
1849.000000 100.000000 
1850.000000 100.000000 
1851.000000 100.000000 
1852.000000 100.000000 
1853.000000 100.000000 
1854.000000 100.000000 
1855.000000 100.000000 
1856.000000 100.000000 
1857.000000 100.000000 
1858.000000 100.000000 
1859.000000 100.000000 
1860.000000 100.000000 
1861.000000 100.000000 
1862.000000 100.000000 
1863.000000 100.000000 
1864.000000 100.000000 
1865.000000 100.000000 
1866.000000 100.000000 
1867.000000 100.000000 
1868.000000 100.000000 
1869.000000 100.000000 
1870.000000 100.000000 
1871.000000 100.000000 
1872.000000 100.000000 
1873.000000 100.000000 
1874.000000 100.000000 
1875.000000 100.000000 
1876.000000 100.000000 
1877.000000 100.000000 
1878.000000 100.000000 
1879.000000 100.000000 
1880.000000 100.000000 
1881.000000 100.000000 
1882.000000 100.000000 
1883.000000 100.000000 
1884.000000 100.000000 
1885.000000 100.000000 
1886.000000 100.000000 
1887.000000 100.000000 
1888.000000 100.000000 
1889.000000 100.000000 
1890.000000 100.000000 
1891.000000 100.000000 
1892.000000 100.000000 
1893.000000 100.000000 
1894.000000 100.000000 
1895.000000 100.000000 
1896.000000 100.000000 
1897.000000 100.000000 
1898.000000 100.000000 
1899.000000 100.000000 
1900.000000 100.000000 
1901.000000 100.000000 
1902.000000 100.000000 
1903.000000 100.000000 
1904.000000 100.000000 
1905.000000 100.000000 
1906.000000 100.000000 
1907.000000 100.000000 
1908.000000 100.000000 
1909.000000 100.000000 
1910.000000 100.000000 
1911.000000 100.000000 
1912.000000 100.000000 
1913.000000 100.000000 
1914.000000 100.000000 
1915.000000 100.000000 
1916.000000 100.000000 
1917.000000 100.000000 
1918.000000 100.000000 
1919.000000 100.000000 
1920.000000 100.000000 
1921.000000 100.000000 
1922.000000 100.000000 
1923.000000 100.000000 
1924.000000 100.000000 
1925.000000 100.000000 
1926.000000 100.000000 
1927.000000 100.000000 
1928.000000 100.000000 
1929.000000 100.000000 
1930.000000 100.000000 
1931.000000 100.000000 
1932.000000 100.000000 
1933.000000 100.000000 
1934.000000 100.000000 
1935.000000 100.000000 
1936.000000 100.000000 
1937.000000 100.000000 
1938.000000 100.000000 
1939.000000 100.000000 
1940.000000 100.000000 
1941.000000 100.000000 
1942.000000 100.000000 
1943.000000 100.000000 
1944.000000 100.000000 
1945.000000 100.000000 
1946.000000 100.000000 
1947.000000 100.000000 
1948.000000 100.000000 
1949.000000 100.000000 
1950.000000 100.000000 
1951.000000 100.000000 
1952.000000 100.000000 
1953.000000 100.000000 
1954.000000 100.000000 
1955.000000 100.000000 
1956.000000 100.000000 
1957.000000 100.000000 
1958.000000 100.000000 
1959.000000 100.000000 
1960.000000 100.000000 
1961.000000 100.000000 
1962.000000 100.000000 
1963.000000 100.000000 
1964.000000 100.000000 
1965.000000 100.000000 
1966.000000 100.000000 
1967.000000 100.000000 
1968.000000 100.000000 
1969.000000 100.000000 
1970.000000 100.000000 
1971.000000 100.000000 
1972.000000 100.000000 
1973.000000 100.000000 
1974.000000 100.000000 
1975.000000 100.000000 
1976.000000 100.000000 
1977.000000 100.000000 
1978.000000 100.000000 
1979.000000 100.000000 
1980.000000 100.000000 
1981.000000 100.000000 
1982.000000 100.000000 
1983.000000 100.000000 
1984.000000 100.000000 
1985.000000 100.000000 
1986.000000 100.000000 
1987.000000 100.000000 
1988.000000 100.000000 
1989.000000 100.000000 
1990.000000 100.000000 
1991.000000 100.000000 
1992.000000 100.000000 
1993.000000 100.000000 
1994.000000 100.000000 
1995.000000 100.000000 
1996.000000 100.000000 
1997.000000 100.000000 
1998.000000 100.000000 
1999.000000 100.000000 
2000.000000 100.000000 
2001.000000 100.000000 
2002.000000 100.000000 
2003.000000 100.000000 
2004.000000 100.000000 
2005.000000 100.000000 
2006.000000 100.000000 
2007.000000 100.000000 
2008.000000 100.000000 
2009.000000 100.000000 
2010.000000 100.000000 
2011.000000 100.000000 
2012.000000 100.000000 
2013.000000 100.000000 
2014.000000 100.000000 
2015.000000 100.000000 
2016.000000 100.000000 
2017.000000 100.000000 
2018.000000 100.000000 
2019.000000 100.000000 
2020.000000 100.000000 
2021.000000 100.000000 
2022.000000 100.000000 
2023.000000 100.000000 
2024.000000 100.000000 
2025.000000 100.000000 
2026.000000 100.000000 
2027.000000 100.000000 
2028.000000 100.000000 
2029.000000 100.000000 
2030.000000 100.000000 
2031.000000 100.000000 
2032.000000 100.000000 
2033.000000 100.000000 
2034.000000 100.000000 
2035.000000 100.000000 
2036.000000 100.000000 
2037.000000 100.000000 
2038.000000 100.000000 
2039.000000 100.000000 
2040.000000 100.000000 
2041.000000 100.000000 
2042.000000 100.000000 
2043.000000 100.000000 
2044.000000 100.000000 
2045.000000 100.000000 
2046.000000 100.000000 
2047.000000 100.000000 
2048.000000 100.000000 
2049.000000 100.000000 
2050.000000 100.000000 
2051.000000 100.000000 
2052.000000 100.000000 
2053.000000 100.000000 
2054.000000 100.000000 
2055.000000 100.000000 
2056.000000 100.000000 
2057.000000 100.000000 
2058.000000 100.000000 
2059.000000 100.000000 
2060.000000 100.000000 
2061.000000 100.000000 
2062.000000 100.000000 
2063.000000 100.000000 
2064.000000 100.000000 
2065.000000 100.000000 
2066.000000 100.000000 
2067.000000 100.000000 
2068.000000 100.000000 
2069.000000 100.000000 
2070.000000 100.000000 
2071.000000 100.000000 
2072.000000 100.000000 
2073.000000 100.000000 
2074.000000 100.000000 
2075.000000 100.000000 
2076.000000 100.000000 
2077.000000 100.000000 
2078.000000 100.000000 
2079.000000 100.000000 
2080.000000 100.000000 
2081.000000 100.000000 
2082.000000 100.000000 
2083.000000 100.000000 
2084.000000 100.000000 
2085.000000 100.000000 
2086.000000 100.000000 
2087.000000 100.000000 
2088.000000 100.000000 
2089.000000 100.000000 
2090.000000 100.000000 
2091.000000 100.000000 
2092.000000 100.000000 
2093.000000 100.000000 
2094.000000 100.000000 
2095.000000 100.000000 
2096.000000 100.000000 
2097.000000 100.000000 
2098.000000 100.000000 
2099.000000 100.000000 
2100.000000 100.000000 
2101.000000 100.000000 
2102.000000 100.000000 
2103.000000 100.000000 
2104.000000 100.000000 
2105.000000 100.000000 
2106.000000 100.000000 
2107.000000 100.000000 
2108.000000 100.000000 
2109.000000 100.000000 
2110.000000 100.000000 
2111.000000 100.000000 
2112.000000 100.000000 
2113.000000 100.000000 
2114.000000 100.000000 
2115.000000 100.000000 
2116.000000 100.000000 
2117.000000 100.000000 
2118.000000 100.000000 
2119.000000 100.000000 
2120.000000 100.000000 
2121.000000 100.000000 
2122.000000 100.000000 
2123.000000 100.000000 
2124.000000 100.000000 
2125.000000 100.000000 
2126.000000 100.000000 
2127.000000 100.000000 
2128.000000 100.000000 
2129.000000 100.000000 
2130.000000 100.000000 
2131.000000 100.000000 
2132.000000 100.000000 
2133.000000 100.000000 
2134.000000 100.000000 
2135.000000 100.000000 
2136.000000 100.000000 
2137.000000 100.000000 
2138.000000 100.000000 
2139.000000 100.000000 
2140.000000 100.000000 
2141.000000 100.000000 
2142.000000 100.000000 
2143.000000 100.000000 
2144.000000 100.000000 
2145.000000 100.000000 
2146.000000 100.000000 
2147.000000 100.000000 
2148.000000 100.000000 
2149.000000 100.000000 
2150.000000 100.000000 
2151.000000 100.000000 
2152.000000 100.000000 
2153.000000 100.000000 
2154.000000 100.000000 
2155.000000 100.000000 
2156.000000 100.000000 
2157.000000 100.000000 
2158.000000 100.000000 
2159.000000 100.000000 
2160.000000 100.000000 
2161.000000 100.000000 
2162.000000 100.000000 
2163.000000 100.000000 
2164.000000 100.000000 
2165.000000 100.000000 
2166.000000 100.000000 
2167.000000 100.000000 
2168.000000 100.000000 
2169.000000 100.000000 
2170.000000 100.000000 
2171.000000 100.000000 
2172.000000 100.000000 
2173.000000 100.000000 
2174.000000 100.000000 
2175.000000 100.000000 
2176.000000 100.000000 
2177.000000 100.000000 
2178.000000 100.000000 
2179.000000 100.000000 
2180.000000 100.000000 
2181.000000 100.000000 
2182.000000 100.000000 
2183.000000 100.000000 
2184.000000 100.000000 
2185.000000 100.000000 
2186.000000 100.000000 
2187.000000 100.000000 
2188.000000 100.000000 
2189.000000 100.000000 
2190.000000 100.000000 
2191.000000 100.000000 
2192.000000 100.000000 
2193.000000 100.000000 
2194.000000 100.000000 
2195.000000 100.000000 
2196.000000 100.000000 
2197.000000 100.000000 
2198.000000 100.000000 
2199.000000 100.000000 
2200.000000 100.000000 
2201.000000 100.000000 
2202.000000 100.000000 
2203.000000 100.000000 
2204.000000 100.000000 
2205.000000 100.000000 
2206.000000 100.000000 
2207.000000 100.000000 
2208.000000 100.000000 
2209.000000 100.000000 
2210.000000 100.000000 
2211.000000 100.000000 
2212.000000 100.000000 
2213.000000 100.000000 
2214.000000 100.000000 
2215.000000 100.000000 
2216.000000 100.000000 
2217.000000 100.000000 
2218.000000 100.000000 
2219.000000 100.000000 
2220.000000 100.000000 
2221.000000 100.000000 
2222.000000 100.000000 
2223.000000 100.000000 
2224.000000 100.000000 
2225.000000 100.000000 
2226.000000 100.000000 
2227.000000 100.000000 
2228.000000 100.000000 
2229.000000 100.000000 
2230.000000 100.000000 
2231.000000 100.000000 
2232.000000 100.000000 
2233.000000 100.000000 
2234.000000 100.000000 
2235.000000 100.000000 
2236.000000 100.000000 
2237.000000 100.000000 
2238.000000 100.000000 
2239.000000 100.000000 
2240.000000 100.000000 
2241.000000 100.000000 
2242.000000 100.000000 
2243.000000 100.000000 
2244.000000 100.000000 
2245.000000 100.000000 
2246.000000 100.000000 
2247.000000 100.000000 
2248.000000 100.000000 
2249.000000 100.000000 
2250.000000 100.000000 
2251.000000 100.000000 
2252.000000 100.000000 
2253.000000 100.000000 
2254.000000 100.000000 
2255.000000 100.000000 
2256.000000 100.000000 
2257.000000 100.000000 
2258.000000 100.000000 
2259.000000 100.000000 
2260.000000 100.000000 
2261.000000 100.000000 
2262.000000 100.000000 
2263.000000 100.000000 
2264.000000 100.000000 
2265.000000 100.000000 
2266.000000 100.000000 
2267.000000 100.000000 
2268.000000 100.000000 
2269.000000 100.000000 
2270.000000 100.000000 
2271.000000 100.000000 
2272.000000 100.000000 
2273.000000 100.000000 
2274.000000 100.000000 
2275.000000 100.000000 
2276.000000 100.000000 
2277.000000 100.000000 
2278.000000 100.000000 
2279.000000 100.000000 
2280.000000 100.000000 
2281.000000 100.000000 
2282.000000 100.000000 
2283.000000 100.000000 
2284.000000 100.000000 
2285.000000 100.000000 
2286.000000 100.000000 
2287.000000 100.000000 
2288.000000 100.000000 
2289.000000 100.000000 
2290.000000 100.000000 
2291.000000 100.000000 
2292.000000 100.000000 
2293.000000 100.000000 
2294.000000 100.000000 
2295.000000 100.000000 
2296.000000 100.000000 
2297.000000 100.000000 
2298.000000 100.000000 
2299.000000 100.000000 
2300.000000 100.000000 
2301.000000 100.000000 
2302.000000 100.000000 
2303.000000 100.000000 
2304.000000 100.000000 
2305.000000 100.000000 
2306.000000 100.000000 
2307.000000 100.000000 
2308.000000 100.000000 
2309.000000 100.000000 
2310.000000 100.000000 
2311.000000 100.000000 
2312.000000 100.000000 
2313.000000 100.000000 
2314.000000 100.000000 
2315.000000 100.000000 
2316.000000 100.000000 
2317.000000 100.000000 
2318.000000 100.000000 
2319.000000 100.000000 
2320.000000 100.000000 
2321.000000 100.000000 
2322.000000 100.000000 
2323.000000 100.000000 
2324.000000 100.000000 
2325.000000 100.000000 
2326.000000 100.000000 
2327.000000 100.000000 
2328.000000 100.000000 
2329.000000 100.000000 
2330.000000 100.000000 
2331.000000 100.000000 
2332.000000 100.000000 
2333.000000 100.000000 
2334.000000 100.000000 
2335.000000 100.000000 
2336.000000 100.000000 
2337.000000 100.000000 
2338.000000 100.000000 
2339.000000 100.000000 
2340.000000 100.000000 
2341.000000 100.000000 
2342.000000 100.000000 
2343.000000 100.000000 
2344.000000 100.000000 
2345.000000 100.000000 
2346.000000 100.000000 
2347.000000 100.000000 
2348.000000 100.000000 
2349.000000 100.000000 
2350.000000 100.000000 
2351.000000 100.000000 
2352.000000 100.000000 
2353.000000 100.000000 
2354.000000 100.000000 
2355.000000 100.000000 
2356.000000 100.000000 
2357.000000 100.000000 
2358.000000 100.000000 
2359.000000 100.000000 
2360.000000 100.000000 
2361.000000 100.000000 
2362.000000 100.000000 
2363.000000 100.000000 
2364.000000 100.000000 
2365.000000 100.000000 
2366.000000 100.000000 
2367.000000 100.000000 
2368.000000 100.000000 
2369.000000 100.000000 
2370.000000 100.000000 
2371.000000 100.000000 
2372.000000 100.000000 
2373.000000 100.000000 
2374.000000 100.000000 
2375.000000 100.000000 
2376.000000 100.000000 
2377.000000 100.000000 
2378.000000 100.000000 
2379.000000 100.000000 
2380.000000 100.000000 
2381.000000 100.000000 
2382.000000 100.000000 
2383.000000 100.000000 
2384.000000 100.000000 
2385.000000 100.000000 
2386.000000 100.000000 
2387.000000 100.000000 
2388.000000 100.000000 
2389.000000 100.000000 
2390.000000 100.000000 
2391.000000 100.000000 
2392.000000 100.000000 
2393.000000 100.000000 
2394.000000 100.000000 
2395.000000 100.000000 
2396.000000 100.000000 
2397.000000 100.000000 
2398.000000 100.000000 
2399.000000 100.000000 
2400.000000 100.000000 
2401.000000 100.000000 
2402.000000 100.000000 
2403.000000 100.000000 
2404.000000 100.000000 
2405.000000 100.000000 
2406.000000 100.000000 
2407.000000 100.000000 
2408.000000 100.000000 
2409.000000 100.000000 
2410.000000 100.000000 
2411.000000 100.000000 
2412.000000 100.000000 
2413.000000 100.000000 
2414.000000 100.000000 
2415.000000 100.000000 
2416.000000 100.000000 
2417.000000 100.000000 
2418.000000 100.000000 
2419.000000 100.000000 
2420.000000 100.000000 
2421.000000 100.000000 
2422.000000 100.000000 
2423.000000 100.000000 
2424.000000 100.000000 
2425.000000 100.000000 
2426.000000 100.000000 
2427.000000 100.000000 
2428.000000 100.000000 
2429.000000 100.000000 
2430.000000 100.000000 
2431.000000 100.000000 
2432.000000 100.000000 
2433.000000 100.000000 
2434.000000 100.000000 
2435.000000 100.000000 
2436.000000 100.000000 
2437.000000 100.000000 
2438.000000 100.000000 
2439.000000 100.000000 
2440.000000 100.000000 
2441.000000 100.000000 
2442.000000 100.000000 
2443.000000 100.000000 
2444.000000 100.000000 
2445.000000 100.000000 
2446.000000 100.000000 
2447.000000 100.000000 
2448.000000 100.000000 
2449.000000 100.000000 
2450.000000 100.000000 
2451.000000 100.000000 
2452.000000 100.000000 
2453.000000 100.000000 
2454.000000 100.000000 
2455.000000 100.000000 
2456.000000 100.000000 
2457.000000 100.000000 
2458.000000 100.000000 
2459.000000 100.000000 
2460.000000 100.000000 
2461.000000 100.000000 
2462.000000 100.000000 
2463.000000 100.000000 
2464.000000 100.000000 
2465.000000 100.000000 
2466.000000 100.000000 
2467.000000 100.000000 
2468.000000 100.000000 
2469.000000 100.000000 
2470.000000 100.000000 
2471.000000 100.000000 
2472.000000 100.000000 
2473.000000 100.000000 
2474.000000 100.000000 
2475.000000 100.000000 
2476.000000 100.000000 
2477.000000 100.000000 
2478.000000 100.000000 
2479.000000 100.000000 
2480.000000 100.000000 
2481.000000 100.000000 
2482.000000 100.000000 
2483.000000 100.000000 
2484.000000 100.000000 
2485.000000 100.000000 
2486.000000 100.000000 
2487.000000 100.000000 
2488.000000 100.000000 
2489.000000 100.000000 
2490.000000 100.000000 
2491.000000 100.000000 
2492.000000 100.000000 
2493.000000 100.000000 
2494.000000 100.000000 
2495.000000 100.000000 
2496.000000 100.000000 
2497.000000 100.000000 
2498.000000 100.000000 
2499.000000 100.000000 
2500.000000 100.000000 
2501.000000 100.000000 
2502.000000 100.000000 
2503.000000 100.000000 
2504.000000 100.000000 
2505.000000 100.000000 
2506.000000 100.000000 
2507.000000 100.000000 
2508.000000 100.000000 
2509.000000 100.000000 
2510.000000 100.000000 
2511.000000 100.000000 
2512.000000 100.000000 
2513.000000 100.000000 
2514.000000 100.000000 
2515.000000 100.000000 
2516.000000 100.000000 
2517.000000 100.000000 
2518.000000 100.000000 
2519.000000 100.000000 
2520.000000 100.000000 
2521.000000 100.000000 
2522.000000 100.000000 
2523.000000 100.000000 
2524.000000 100.000000 
2525.000000 100.000000 
2526.000000 100.000000 
2527.000000 100.000000 
2528.000000 100.000000 
2529.000000 100.000000 
2530.000000 100.000000 
2531.000000 100.000000 
2532.000000 100.000000 
2533.000000 100.000000 
2534.000000 100.000000 
2535.000000 100.000000 
2536.000000 100.000000 
2537.000000 100.000000 
2538.000000 100.000000 
2539.000000 100.000000 
2540.000000 100.000000 
2541.000000 100.000000 
2542.000000 100.000000 
2543.000000 100.000000 
2544.000000 100.000000 
2545.000000 100.000000 
2546.000000 100.000000 
2547.000000 100.000000 
2548.000000 100.000000 
2549.000000 100.000000 
2550.000000 100.000000 
2551.000000 100.000000 
2552.000000 100.000000 
2553.000000 100.000000 
2554.000000 100.000000 
2555.000000 100.000000 
2556.000000 100.000000 
2557.000000 100.000000 
2558.000000 100.000000 
2559.000000 100.000000 
2560.000000 100.000000 
2561.000000 100.000000 
2562.000000 100.000000 
2563.000000 100.000000 
2564.000000 100.000000 
2565.000000 100.000000 
2566.000000 100.000000 
2567.000000 100.000000 
2568.000000 100.000000 
2569.000000 100.000000 
2570.000000 100.000000 
2571.000000 100.000000 
2572.000000 100.000000 
2573.000000 100.000000 
2574.000000 100.000000 
2575.000000 100.000000 
2576.000000 100.000000 
2577.000000 100.000000 
2578.000000 100.000000 
2579.000000 100.000000 
2580.000000 100.000000 
2581.000000 100.000000 
2582.000000 100.000000 
2583.000000 100.000000 
2584.000000 100.000000 
2585.000000 100.000000 
2586.000000 100.000000 
2587.000000 100.000000 
2588.000000 100.000000 
2589.000000 100.000000 
2590.000000 100.000000 
2591.000000 100.000000 
2592.000000 100.000000 
2593.000000 100.000000 
2594.000000 100.000000 
2595.000000 100.000000 
2596.000000 100.000000 
2597.000000 100.000000 
2598.000000 100.000000 
2599.000000 100.000000 
2600.000000 100.000000 
2601.000000 100.000000 
2602.000000 100.000000 
2603.000000 100.000000 
2604.000000 100.000000 
2605.000000 100.000000 
2606.000000 100.000000 
2607.000000 100.000000 
2608.000000 100.000000 
2609.000000 100.000000 
2610.000000 100.000000 
2611.000000 100.000000 
2612.000000 100.000000 
2613.000000 100.000000 
2614.000000 100.000000 
2615.000000 100.000000 
2616.000000 100.000000 
2617.000000 100.000000 
2618.000000 100.000000 
2619.000000 100.000000 
2620.000000 100.000000 
2621.000000 100.000000 
2622.000000 100.000000 
2623.000000 100.000000 
2624.000000 100.000000 
2625.000000 100.000000 
2626.000000 100.000000 
2627.000000 100.000000 
2628.000000 100.000000 
2629.000000 100.000000 
2630.000000 100.000000 
2631.000000 100.000000 
2632.000000 100.000000 
2633.000000 100.000000 
2634.000000 100.000000 
2635.000000 100.000000 
2636.000000 100.000000 
2637.000000 100.000000 
2638.000000 100.000000 
2639.000000 100.000000 
2640.000000 100.000000 
2641.000000 100.000000 
2642.000000 100.000000 
2643.000000 100.000000 
2644.000000 100.000000 
2645.000000 100.000000 
2646.000000 100.000000 
2647.000000 100.000000 
2648.000000 100.000000 
2649.000000 100.000000 
2650.000000 100.000000 
2651.000000 100.000000 
2652.000000 100.000000 
2653.000000 100.000000 
2654.000000 100.000000 
2655.000000 100.000000 
2656.000000 100.000000 
2657.000000 100.000000 
2658.000000 100.000000 
2659.000000 100.000000 
2660.000000 100.000000 
2661.000000 100.000000 
2662.000000 100.000000 
2663.000000 100.000000 
2664.000000 100.000000 
2665.000000 100.000000 
2666.000000 100.000000 
2667.000000 100.000000 
2668.000000 100.000000 
2669.000000 100.000000 
2670.000000 100.000000 
2671.000000 100.000000 
2672.000000 100.000000 
2673.000000 100.000000 
2674.000000 100.000000 
2675.000000 100.000000 
2676.000000 100.000000 
2677.000000 100.000000 
2678.000000 100.000000 
2679.000000 100.000000 
2680.000000 100.000000 
2681.000000 100.000000 
2682.000000 100.000000 
2683.000000 100.000000 
2684.000000 100.000000 
2685.000000 100.000000 
2686.000000 100.000000 
2687.000000 100.000000 
2688.000000 100.000000 
2689.000000 100.000000 
2690.000000 100.000000 
2691.000000 100.000000 
2692.000000 100.000000 
2693.000000 100.000000 
2694.000000 100.000000 
2695.000000 100.000000 
2696.000000 100.000000 
2697.000000 100.000000 
2698.000000 100.000000 
2699.000000 100.000000 
2700.000000 100.000000 
2701.000000 100.000000 
2702.000000 100.000000 
2703.000000 100.000000 
2704.000000 100.000000 
2705.000000 100.000000 
2706.000000 100.000000 
2707.000000 100.000000 
2708.000000 100.000000 
2709.000000 100.000000 
2710.000000 100.000000 
2711.000000 100.000000 
2712.000000 100.000000 
2713.000000 100.000000 
2714.000000 100.000000 
2715.000000 100.000000 
2716.000000 100.000000 
2717.000000 100.000000 
2718.000000 100.000000 
2719.000000 100.000000 
2720.000000 100.000000 
2721.000000 100.000000 
2722.000000 100.000000 
2723.000000 100.000000 
2724.000000 100.000000 
2725.000000 100.000000 
2726.000000 100.000000 
2727.000000 100.000000 
2728.000000 100.000000 
2729.000000 100.000000 
2730.000000 100.000000 
2731.000000 100.000000 
2732.000000 100.000000 
2733.000000 100.000000 
2734.000000 100.000000 
2735.000000 100.000000 
2736.000000 100.000000 
2737.000000 100.000000 
2738.000000 100.000000 
2739.000000 100.000000 
2740.000000 100.000000 
2741.000000 100.000000 
2742.000000 100.000000 
2743.000000 100.000000 
2744.000000 100.000000 
2745.000000 100.000000 
2746.000000 100.000000 
2747.000000 100.000000 
2748.000000 100.000000 
2749.000000 100.000000 
2750.000000 100.000000 
2751.000000 100.000000 
2752.000000 100.000000 
2753.000000 100.000000 
2754.000000 100.000000 
2755.000000 100.000000 
2756.000000 100.000000 
2757.000000 100.000000 
2758.000000 100.000000 
2759.000000 100.000000 
2760.000000 100.000000 
2761.000000 100.000000 
2762.000000 100.000000 
2763.000000 100.000000 
2764.000000 100.000000 
2765.000000 100.000000 
2766.000000 100.000000 
2767.000000 100.000000 
2768.000000 100.000000 
2769.000000 100.000000 
2770.000000 100.000000 
2771.000000 100.000000 
2772.000000 100.000000 
2773.000000 100.000000 
2774.000000 100.000000 
2775.000000 100.000000 
2776.000000 100.000000 
2777.000000 100.000000 
2778.000000 100.000000 
2779.000000 100.000000 
2780.000000 100.000000 
2781.000000 100.000000 
2782.000000 100.000000 
2783.000000 100.000000 
2784.000000 100.000000 
2785.000000 100.000000 
2786.000000 100.000000 
2787.000000 100.000000 
2788.000000 100.000000 
2789.000000 100.000000 
2790.000000 100.000000 
2791.000000 100.000000 
2792.000000 100.000000 
2793.000000 100.000000 
2794.000000 100.000000 
2795.000000 100.000000 
2796.000000 100.000000 
2797.000000 100.000000 
2798.000000 100.000000 
2799.000000 100.000000 
2800.000000 100.000000 
2801.000000 100.000000 
2802.000000 100.000000 
2803.000000 100.000000 
2804.000000 100.000000 
2805.000000 100.000000 
2806.000000 100.000000 
2807.000000 100.000000 
2808.000000 100.000000 
2809.000000 100.000000 
2810.000000 100.000000 
2811.000000 100.000000 
2812.000000 100.000000 
2813.000000 100.000000 
2814.000000 100.000000 
2815.000000 100.000000 
2816.000000 100.000000 
2817.000000 100.000000 
2818.000000 100.000000 
2819.000000 100.000000 
2820.000000 100.000000 
2821.000000 100.000000 
2822.000000 100.000000 
2823.000000 100.000000 
2824.000000 100.000000 
2825.000000 100.000000 
2826.000000 100.000000 
2827.000000 100.000000 
2828.000000 100.000000 
2829.000000 100.000000 
2830.000000 100.000000 
2831.000000 100.000000 
2832.000000 100.000000 
2833.000000 100.000000 
2834.000000 100.000000 
2835.000000 100.000000 
2836.000000 100.000000 
2837.000000 100.000000 
2838.000000 100.000000 
2839.000000 100.000000 
2840.000000 100.000000 
2841.000000 100.000000 
2842.000000 100.000000 
2843.000000 100.000000 
2844.000000 100.000000 
2845.000000 100.000000 
2846.000000 100.000000 
2847.000000 100.000000 
2848.000000 100.000000 
2849.000000 100.000000 
2850.000000 100.000000 
2851.000000 100.000000 
2852.000000 100.000000 
2853.000000 100.000000 
2854.000000 100.000000 
2855.000000 100.000000 
2856.000000 100.000000 
2857.000000 100.000000 
2858.000000 100.000000 
2859.000000 100.000000 
2860.000000 100.000000 
2861.000000 100.000000 
2862.000000 100.000000 
2863.000000 100.000000 
2864.000000 100.000000 
2865.000000 100.000000 
2866.000000 100.000000 
2867.000000 100.000000 
2868.000000 100.000000 
2869.000000 100.000000 
2870.000000 100.000000 
2871.000000 100.000000 
2872.000000 100.000000 
2873.000000 100.000000 
2874.000000 100.000000 
2875.000000 100.000000 
2876.000000 100.000000 
2877.000000 100.000000 
2878.000000 100.000000 
2879.000000 100.000000 
2880.000000 100.000000 
2881.000000 100.000000 
2882.000000 100.000000 
2883.000000 100.000000 
2884.000000 100.000000 
2885.000000 100.000000 
2886.000000 100.000000 
2887.000000 100.000000 
2888.000000 100.000000 
2889.000000 100.000000 
2890.000000 100.000000 
2891.000000 100.000000 
2892.000000 100.000000 
2893.000000 100.000000 
2894.000000 100.000000 
2895.000000 100.000000 
2896.000000 100.000000 
2897.000000 100.000000 
2898.000000 100.000000 
2899.000000 100.000000 
2900.000000 100.000000 
2901.000000 100.000000 
2902.000000 100.000000 
2903.000000 100.000000 
2904.000000 100.000000 
2905.000000 100.000000 
2906.000000 100.000000 
2907.000000 100.000000 
2908.000000 100.000000 
2909.000000 100.000000 
2910.000000 100.000000 
2911.000000 100.000000 
2912.000000 100.000000 
2913.000000 100.000000 
2914.000000 100.000000 
2915.000000 100.000000 
2916.000000 100.000000 
2917.000000 100.000000 
2918.000000 100.000000 
2919.000000 100.000000 
2920.000000 100.000000 
2921.000000 100.000000 
2922.000000 100.000000 
2923.000000 100.000000 
2924.000000 100.000000 
2925.000000 100.000000 
2926.000000 100.000000 
2927.000000 100.000000 
2928.000000 100.000000 
2929.000000 100.000000 
2930.000000 100.000000 
2931.000000 100.000000 
2932.000000 100.000000 
2933.000000 100.000000 
2934.000000 100.000000 
2935.000000 100.000000 
2936.000000 100.000000 
2937.000000 100.000000 
2938.000000 100.000000 
2939.000000 100.000000 
2940.000000 100.000000 
2941.000000 100.000000 
2942.000000 100.000000 
2943.000000 100.000000 
2944.000000 100.000000 
2945.000000 100.000000 
2946.000000 100.000000 
2947.000000 100.000000 
2948.000000 100.000000 
2949.000000 100.000000 
2950.000000 100.000000 
2951.000000 100.000000 
2952.000000 100.000000 
2953.000000 100.000000 
2954.000000 100.000000 
2955.000000 100.000000 
2956.000000 100.000000 
2957.000000 100.000000 
2958.000000 100.000000 
2959.000000 100.000000 
2960.000000 100.000000 
2961.000000 100.000000 
2962.000000 100.000000 
2963.000000 100.000000 
2964.000000 100.000000 
2965.000000 100.000000 
2966.000000 100.000000 
2967.000000 100.000000 
2968.000000 100.000000 
2969.000000 100.000000 
2970.000000 100.000000 
2971.000000 100.000000 
2972.000000 100.000000 
2973.000000 100.000000 
2974.000000 100.000000 
2975.000000 100.000000 
2976.000000 100.000000 
2977.000000 100.000000 
2978.000000 100.000000 
2979.000000 100.000000 
2980.000000 100.000000 
2981.000000 100.000000 
2982.000000 100.000000 
2983.000000 100.000000 
2984.000000 100.000000 
2985.000000 100.000000 
2986.000000 100.000000 
2987.000000 100.000000 
2988.000000 100.000000 
2989.000000 100.000000 
2990.000000 100.000000 
2991.000000 100.000000 
2992.000000 100.000000 
2993.000000 100.000000 
2994.000000 100.000000 
2995.000000 100.000000 
2996.000000 100.000000 
2997.000000 100.000000 
2998.000000 100.000000 
2999.000000 100.000000 
